1011 : [19, 23, 29, 31, 41, 43, 53, 61, 67, 71, 73, 79, 89, 97, 101, 103, 113,
127, 131, 137, 151, 157, 181, 193, 197, 199, 211, 239, 241, 257, 281,
307, 313, 331, 337, 353, 397, 401, 409, 421, 443, 449, 463, 491, 521,
547, 577, 601, 613, 617, 631, 641, 661, 673, 701, 727, 769, 859, 881,
883, 911, 937, 953, 991, 1009, 1021, 1051, 1093, 1123, 1153, 1171, 1201,
1249, 1301, 1321, 1327, 1361, 1409, 1429, 1471, 1531, 1601, 1801, 1871,
1873, 1951, 2003, 2017, 2081, 2113, 2143, 2179, 2311, 2341, 2381, 2521,
2549, 2551, 2689, 2731, 2801, 2857, 2861, 3061, 3121, 3137, 3169, 3301,
3329, 3361, 3389, 3433, 3529, 3571, 3631, 3697, 3823, 3851, 4201, 4357,
4421, 4481, 4621, 4801, 4951, 4993, 4999, 5101, 5237, 5281, 5441, 5851,
5881, 6007, 6301, 6337, 6469, 6529, 6553, 6733, 7057, 7151, 7351, 7393,
7481, 7489, 7681, 7841, 8009, 8161, 8191, 8581, 8713, 8737, 8821, 9241,
9283, 9439, 9521, 9601, 9857, 9901, 10193, 10711, 10753, 10781, 10891,
11467, 11551, 11617, 11701, 11969, 12101, 12241, 12289, 12343, 12377,
12601, 13313, 13441, 13553, 13729, 14081, 14281, 14401, 14561, 15233,
15289, 15361, 15401, 15601, 15731, 15913, 16381, 16661, 16831, 17137,
17681, 17851, 17921, 18433, 18481, 18701, 19801, 19891, 19993, 20021,
20161, 20593, 21121, 21841, 22051, 22441, 23041, 23297, 23563, 23801,
24481, 25169, 25411, 25601, 25741, 25873, 26113, 26209, 26881, 26951,
27457, 27847, 28051, 28289, 29173, 29401, 29569, 29921, 29989, 30493,
30577, 30941, 30977, 32257, 32341, 33151, 33601, 34273, 34651, 34849,
35201, 35281, 36037, 36653, 37441, 37633, 39937, 40801, 41141, 41651,
42043, 42433, 42841, 42901, 43759, 44101, 44201, 45697, 46411, 47041,
48049, 49369, 49921, 50051, 50177, 50821, 51481, 52361, 53551, 53857,
54401, 54601, 54979, 55441, 56101, 56629, 57331, 57601, 61153, 61441,
62401, 62921, 63361, 63649, 64513, 65521, 66067, 66301, 68993, 69697,
71809, 72073, 72931, 74257, 76231, 76441, 76801, 77351, 77617, 78401,
78541, 79201, 79561, 79873, 81901, 83777, 84481, 84701, 86017, 87041,
87121, 87517, 91393, 91631, 92401, 92821, 93601, 97021, 97241, 98561,
98737, 99961, 100673, 100801, 101377, 101641, 101921, 102103, 105601,
107101, 107713, 109201, 110881, 113153, 114661, 115201, 116689, 117811,
118273, 119953, 120121, 122401, 125441, 126127, 127051, 127297, 129361,
131041, 133121, 134401, 137089, 139393, 141121, 142297, 143617, 145601,
145861, 146609, 148513, 150151, 151009, 152461, 157081, 159937, 161281,
166601, 174241, 174721, 176401, 180181, 183041, 184321, 185131, 185641,
192193, 193601, 198017, 198901, 199921, 200201, 202753, 209441, 212161,
213929, 218401, 219649, 224401, 229321, 232051, 232961, 235621, 235951,
237161, 242551, 243101, 252253, 254593, 257401, 258721, 259183, 269281,
274177, 275969, 279553, 282241, 282881, 284593, 286651, 287233, 291721,
299521, 300301, 301057, 305761, 307201, 308309, 308551, 316801, 324871,
325249, 329473, 330331, 345577, 346529, 350351, 359041, 365569, 366521,
370261, 371281, 377521, 388081, 388961, 394241, 406561, 411841, 419329,
420421, 426889, 428401, 430081, 436801, 440441, 445537, 448801, 450451,
471241, 471901, 473089, 476477, 485101, 487873, 489217, 495041, 495617,
499801, 519793, 530401, 538561, 542081, 549121, 560561, 571201, 576577,
586433, 600601, 604759, 612613, 620929, 622337, 660661, 673201, 675841,
680681, 689921, 691153, 696961, 700129, 719951, 729301, 739201, 740521,
748801, 749701, 765953, 770771, 783361, 792793, 795601, 800801, 802231,
813121, 816817, 824671, 838657, 840841, 855713, 878593, 879649, 889351,
896897, 897601, 913921, 917281, 921601, 929281, 940801, 943801, 946177,
959617, 960961, 962677, 970201, 979201, 985601, 987361, 1005313,
1006721, 1016401, 1029601, 1036729, 1051051, 1067221, 1075201, 1093951,
1103873, 1108801, 1132561, 1138369, 1153153, 1178101, 1191191, 1198081,
1199521, 1201201, 1209517, 1239041, 1261261, 1272961, 1393921, 1397761,
1401401, 1422961, 1458601, 1481041, 1599361, 1604461, 1610753, 1624351,
1630721, 1633633, 1645601, 1647361, 1649341, 1655809, 1689601, 1713601,
1727881, 1742401, 1747201, 1795201, 1830401, 1849849, 1851301, 1867009,
1881601, 1921921, 1940401, 1951489, 2015861, 2069761, 2073457, 2079169,
2114113, 2121601, 2144143, 2154241, 2187901, 2199121, 2276737, 2297857,
2312311, 2323201, 2345729, 2399041, 2402401, 2419033, 2437121, 2483713,
2513281, 2534401, 2591821, 2620619, 2665601, 2668051, 2690689, 2692801,
2715649, 2764609, 2795521, 2800513, 2818817, 2879801, 3015937, 3020161,
3049201, 3104641, 3133441, 3141601, 3159553, 3168257, 3198721, 3208921,
3225377, 3248701, 3252481, 3369367, 3394561, 3455761, 3465281, 3469313,
3548161, 3655681, 3699697, 3712801, 3775201, 3843841, 3880801, 3942401,
3949441, 3993601, 4021249, 4036033, 4084081, 4158337, 4264961, 4268881,
4308481, 4356353, 4398241, 4455361, 4553473, 4612609, 4646401, 4798081,
4832257, 4873051, 4878721, 4950401, 4954951, 5091841, 5105101, 5117953,
5134273, 5174401, 5183641, 5203969, 5222401, 5241601, 5285281, 5336101,
5348201, 5381377, 5483521, 5591041, 5644801, 5834401, 5864321, 5913601,
5924161, 5990401, 6071297, 6098401, 6283201, 6342337, 6417841, 6789121,
6806801, 6854401, 6899201, 7047041, 7257097, 7338241, 7425601, 7434241,
7550401, 7701409, 7796881, 7833601, 7920641, 8168161, 8236801, 8377601,
8408401, 8557121, 8576569, 8639401, 8796481, 8870401, 9031681, 9060481,
9139201, 9225217, 9335041, 9359351, 9596161, 9609601, 9757441, 9784321,
9801793, 9909901, 10183681, 10395841, 10482473, 10483201, 10531841,
10672201, 10720711, 10890881, 10967041, 10995601, 11038721, 11058433,
11202049, 11289601, 11315201, 11519201, 11531521, 11995201, 12033451,
12080641, 12390401, 12418561, 12475009, 12812801, 13009921, 13178881,
13578241, 13823041, 13861121, 14229601, 14257153, 14350337, 14361601,
14414401, 14514193, 15052801, 15402817, 15855841, 16044601, 16307201,
16816801, 17059841, 17075521, 17233921, 17503201, 17592961, 18213889,
18278401, 18670081, 18849601, 19009537, 19192321, 19568641, 19819801,
19869697, 20180161, 20697601, 21441421, 21964801, 22870849, 23482369,
23696641, 23990401, 24837121, 25225201, 25276417, 25671361, 26019841,
26138113, 26206181, 26329601, 26954929, 27320833, 27596801, 27646081,
27747721, 27955201, 28078051, 28148737, 28828801, 29702401, 30201601,
30830801, 31187521, 32089201, 33510401, 33825793, 33945601, 34306273,
34467841, 35642881, 36241921, 37699201, 39207169, 41074177, 41929889,
42127361, 42882841, 43084801, 43929601, 44396353, 44553601, 44924881,
45101057, 45302401, 46076801, 46126081, 46246201, 46675201, 48133801,
48380641, 49674241, 51606017, 51836401, 51979201, 52039681, 52778881,
52852801, 54765569, 55444481, 55495441, 55756801, 57177121, 57987073,
58705921, 59899841, 60318721, 60475801, 62375041, 63191041, 63423361,
63974401, 64576513, 65894401, 66533377, 69115201, 69369301, 70012801,
70371841, 70470401, 71285761, 76876801, 77014081, 77968801, 78059521,
78618541, 79279201, 80634401, 82790401, 85377601, 85765681, 86102017,
86732801, 89849761, 91069441, 91483393, 96645121, 97843201, 99348481,
100900801, 103958401, 105557761, 110584321, 111513601, 112312201,
116113537, 120806401, 120951601, 123323201, 127948801, 130690561,
136913921, 138230401, 142942801, 145141921, 150796801, 155937601,
157237081, 161441281, 165876481, 166333441, 167719553, 168892417,
172339201, 176934913, 181427401, 195686401, 196035841, 199600129,
209104897, 221981761, 224040961, 234572801, 237619201, 241274881,
251579329, 256713601, 258306049, 276460801, 285885601, 295975681,
301593601, 308056321, 328593409, 332666881, 337784833, 341510401,
351859201, 362419201, 369969601, 377368993, 383358977, 392071681,
419298881, 430510081, 442337281, 443963521, 471711241, 483225601,
496742401, 499000321, 503158657, 522762241, 539098561, 547655681,
560102401, 591951361, 598998401, 628948321, 631910401, 634233601,
645765121, 676515841, 703718401, 737228801, 762361601, 767692801,
774090241, 784143361, 844462081, 845644801, 898497601, 947122177,
967612801, 1014773761, 1076275201, 1078197121, 1150076929, 1161135361,
1268467201, 1347746401, 1366041601, 1372250881, 1451419201, 1568286721,
1796995201, 2156394241, 2219817601, 2322270721, 2654023681, 2732083201,
2875192321, 2959756801, 3096360961, 3136573441, 3317529601, 3715633153,
3833589761, 4025269249, 5031586561, 5160601601, 6161126401, 6192721921,
6861254401, 6900461569, 7547379841, 7892684801, 9583974401, 11611353601,
13722508801, 14375961601, 15094759681, 21956014081, 36593356801,
43127884801, 46445414401, 48303230977, 50315865601, 86255769601,
150947596801, 172511539201, 201263462401, 301895193601]
