2542 : [19, 23, 29, 31, 37, 41, 43, 53, 61, 67, 71, 73, 79, 89, 97, 101, 103,
109, 113, 127, 131, 137, 151, 157, 163, 181, 193, 197, 199, 211, 239,
241, 257, 271, 281, 307, 313, 331, 337, 353, 379, 397, 401, 409, 421,
433, 443, 449, 463, 487, 491, 521, 541, 547, 577, 601, 613, 617, 631,
641, 661, 673, 701, 727, 757, 769, 811, 859, 881, 883, 911, 919, 937,
953, 991, 1009, 1021, 1051, 1093, 1123, 1153, 1171, 1201, 1249, 1297,
1301, 1321, 1327, 1361, 1409, 1429, 1453, 1459, 1471, 1531, 1601, 1621,
1667, 1783, 1801, 1871, 1873, 1951, 2003, 2017, 2081, 2113, 2143, 2161,
2179, 2269, 2311, 2341, 2377, 2381, 2521, 2549, 2551, 2593, 2647, 2689,
2731, 2801, 2857, 2861, 2917, 2971, 3061, 3121, 3137, 3169, 3301, 3329,
3361, 3389, 3433, 3457, 3511, 3529, 3571, 3631, 3673, 3697, 3823, 3851,
3889, 4051, 4159, 4201, 4357, 4421, 4481, 4591, 4621, 4801, 4861, 4951,
4999, 5101, 5237, 5281, 5347, 5441, 5851, 5881, 6007, 6121, 6301, 6337,
6427, 6469, 6481, 6529, 6553, 6733, 7057, 7129, 7151, 7351, 7393, 7489,
7561, 7681, 7723, 7841, 8009, 8101, 8161, 8191, 8263, 8317, 8581, 8641,
8713, 8737, 8821, 9181, 9241, 9283, 9439, 9521, 9601, 9721, 9829, 9857,
9901, 10099, 10193, 10369, 10531, 10711, 10753, 10781, 10891, 11467,
11551, 11617, 11701, 11969, 12097, 12101, 12241, 12289, 12343, 12377,
12601, 12637, 12853, 13313, 13441, 13553, 13729, 14081, 14281, 14401,
14561, 14851, 15121, 15233, 15289, 15361, 15401, 15601, 15731, 15877,
15913, 16381, 16633, 16661, 16831, 17011, 17137, 17497, 17551, 17681,
17851, 17921, 18433, 18481, 18701, 19009, 19441, 19603, 19801, 19891,
19993, 20021, 20161, 20593, 21061, 21121, 21169, 21601, 21841, 21871,
22051, 22441, 23041, 23167, 23297, 23563, 23761, 23801, 23869, 24481,
24571, 25169, 25411, 25601, 25741, 25873, 26113, 26209, 26731, 26881,
26951, 27457, 27541, 27847, 28051, 28081, 28289, 28351, 28513, 29173,
29401, 29569, 29921, 29989, 30241, 30493, 30577, 30941, 30977, 32077,
32257, 32341, 32401, 33049, 33151, 33601, 34273, 34651, 34849, 35201,
35281, 35803, 36037, 36451, 36653, 36721, 37423, 37441, 37633, 38557,
38611, 39313, 39937, 40801, 41141, 41651, 42043, 42337, 42433, 42841,
42901, 43201, 43759, 44101, 44201, 44983, 45361, 45697, 46411, 47041,
47521, 47629, 47737, 48049, 49369, 49921, 50051, 50177, 50821, 51031,
51481, 52361, 53551, 53857, 54401, 54601, 54979, 55441, 56101, 56629,
56701, 57331, 57601, 58321, 59671, 60589, 61153, 61441, 62401, 62921,
63361, 63649, 64153, 64513, 65521, 66067, 66301, 66529, 68041, 68993,
69499, 69697, 70201, 70687, 71443, 71809, 72073, 72577, 72901, 72931,
74257, 76231, 76441, 76801, 77351, 77617, 77761, 78401, 78541, 79201,
79561, 79873, 80191, 81649, 81901, 83777, 84481, 84673, 84701, 86017,
87041, 87121, 87481, 87517, 88129, 89101, 91393, 91631, 91801, 92401,
92821, 93601, 94771, 95257, 96097, 96769, 97021, 97241, 98011, 98561,
98737, 99793, 99961, 100673, 100801, 100981, 101089, 101377, 101641,
101921, 102061, 102103, 103681, 103951, 105601, 106921, 107101, 107713,
108109, 109201, 110161, 110881, 113153, 114661, 115201, 115831, 116689,
117811, 117937, 118273, 118801, 119809, 119953, 120121, 122401, 123553,
123931, 124951, 125441, 126127, 127051, 127297, 128521, 129361, 130681,
131041, 132679, 133121, 134401, 134947, 137089, 137593, 138241, 139393,
139969, 140401, 141121, 142297, 143617, 145531, 145601, 145861, 146609,
148513, 149689, 150151, 151009, 151201, 151471, 152461, 155521, 156817,
157081, 157951, 158761, 159937, 160651, 161281, 161569, 163351, 166601,
167077, 168481, 170101, 172801, 174241, 174637, 174721, 176401, 176419,
177409, 180181, 182953, 183041, 184321, 185131, 185641, 187111, 192193,
192781, 193051, 193601, 196561, 198017, 198901, 199921, 200201, 201961,
202753, 205633, 206551, 209089, 209441, 210601, 211681, 212161, 213929,
216217, 218401, 219649, 224401, 224911, 228097, 229321, 231661, 232051,
232961, 235009, 235621, 235951, 237161, 238141, 238681, 240571, 241921,
242551, 243101, 252253, 254593, 254827, 256609, 257401, 258721, 259183,
259201, 264601, 267301, 269281, 270271, 274177, 275969, 277993, 279553,
282241, 282881, 284311, 284593, 285121, 286651, 287233, 289171, 291721,
299521, 299881, 300301, 301057, 302941, 305761, 307201, 308309, 308551,
309583, 311041, 314161, 314497, 316801, 321301, 323137, 324871, 325249,
326593, 326701, 329473, 330331, 331777, 332641, 336799, 336961, 339769,
340201, 345577, 345601, 346529, 350351, 352837, 357211, 359041, 363529,
365569, 366521, 367201, 368551, 370261, 371281, 377521, 378379, 379081,
384913, 388081, 388961, 393121, 394241, 396577, 406561, 408241, 411841,
414721, 415801, 416989, 417691, 418177, 419329, 420421, 424117, 426889,
427681, 428401, 430081, 432433, 436591, 436801, 437401, 440441, 440641,
445537, 448801, 449821, 450451, 453601, 456193, 457381, 462673, 463321,
466561, 471241, 471901, 473089, 476477, 477361, 481141, 485101, 487873,
489217, 494803, 495041, 495617, 498961, 499801, 501229, 504901, 508033,
509653, 514081, 519793, 530401, 530713, 534601, 538561, 540541, 542081,
549121, 550369, 550801, 555391, 560561, 565489, 571201, 572833, 576577,
584767, 586433, 589681, 595351, 600601, 604759, 604801, 612613, 616897,
617761, 620929, 622337, 625483, 628993, 640333, 641521, 646273, 648649,
656371, 660661, 673201, 673921, 674731, 675841, 679537, 680401, 680681,
684289, 687961, 689921, 691153, 696961, 700129, 719713, 719951, 729301,
734401, 739201, 740521, 746497, 748441, 748801, 749701, 760321, 762049,
765953, 770771, 783361, 784081, 786241, 792793, 795601, 800801, 802231,
813121, 816817, 824671, 825553, 826201, 833977, 838657, 840841, 846721,
855713, 859249, 867511, 878593, 879649, 889351, 895051, 896897, 897601,
898129, 898561, 908821, 913921, 917281, 921601, 929281, 940801, 943801,
946177, 950401, 959617, 960499, 960961, 962677, 963901, 970201, 979201,
982801, 985601, 987361, 988417, 995329, 1002457, 1005313, 1006721,
1010881, 1016401, 1029601, 1036729, 1051051, 1067221, 1074061, 1075201,
1079569, 1088641, 1093951, 1103873, 1105651, 1108801, 1124551, 1132561,
1138369, 1153153, 1156681, 1158301, 1161217, 1166401, 1176121, 1178101,
1189189, 1190701, 1191191, 1198081, 1199521, 1201201, 1209517, 1211761,
1213057, 1239041, 1247401, 1253071, 1254529, 1261261, 1272961, 1281281,
1288873, 1297297, 1326781, 1375921, 1389961, 1393921, 1397761, 1401401,
1410049, 1422961, 1425601, 1437697, 1451521, 1455301, 1458601, 1463617,
1468801, 1470151, 1481041, 1484407, 1492993, 1514701, 1524097, 1527553,
1539649, 1575289, 1599361, 1603801, 1604461, 1610753, 1619353, 1621621,
1624351, 1630721, 1633633, 1645601, 1647361, 1649341, 1655809, 1670761,
1684801, 1689601, 1693441, 1713601, 1719901, 1727881, 1742401, 1747201,
1762561, 1769041, 1783783, 1795201, 1830401, 1837837, 1849849, 1850689,
1851301, 1853281, 1867009, 1881601, 1905121, 1908523, 1909441, 1921921,
1924561, 1940401, 1951489, 1960201, 1969111, 1979209, 1982881, 1990171,
1995841, 2015861, 2041201, 2058211, 2063881, 2069761, 2073457, 2073601,
2079169, 2088451, 2114113, 2115073, 2116801, 2121601, 2138401, 2143261,
2144143, 2154241, 2177281, 2181169, 2187901, 2199121, 2223937, 2270269,
2276737, 2297857, 2312311, 2323201, 2345729, 2350081, 2352241, 2357587,
2358721, 2379457, 2395009, 2399041, 2402401, 2405701, 2419033, 2426113,
2429029, 2437121, 2449441, 2483713, 2513281, 2534401, 2570401, 2591821,
2613601, 2620619, 2625481, 2665601, 2668051, 2673217, 2690689, 2692801,
2698921, 2702701, 2715649, 2726461, 2764609, 2795521, 2799361, 2800513,
2806651, 2818817, 2822689, 2843101, 2878849, 2879801, 2888029, 2891701,
2903041, 2923831, 2937601, 2968813, 2972971, 2999107, 3007369, 3015937,
3020161, 3029401, 3032641, 3049201, 3057913, 3084481, 3088801, 3095821,
3104641, 3133441, 3141601, 3144961, 3150577, 3159553, 3168257, 3184273,
3198721, 3208921, 3225377, 3248701, 3252481, 3271753, 3298681, 3302209,
3332341, 3345409, 3367981, 3369367, 3394561, 3430351, 3439801, 3455761,
3465281, 3469313, 3474901, 3548161, 3655681, 3699697, 3701377, 3712801,
3725569, 3742201, 3759211, 3775201, 3841993, 3843841, 3866617, 3870721,
3877633, 3880801, 3887731, 3920401, 3929311, 3942401, 3949441, 3980341,
3991681, 3993601, 3998809, 4021249, 4036033, 4082401, 4084081, 4158337,
4164049, 4200769, 4233601, 4234033, 4247101, 4264961, 4268881, 4308481,
4332043, 4354561, 4356353, 4390849, 4398241, 4406401, 4443121, 4455361,
4511053, 4553473, 4573801, 4612609, 4633201, 4646401, 4700161, 4704481,
4758913, 4762801, 4798081, 4802491, 4832257, 4833271, 4847041, 4858057,
4873051, 4878721, 4950401, 4953313, 4954951, 5091841, 5105101, 5117953,
5132161, 5134273, 5155489, 5159701, 5174401, 5183641, 5203969, 5222401,
5239081, 5241601, 5250961, 5285281, 5336101, 5348201, 5370301, 5381377,
5388769, 5397841, 5436289, 5483521, 5572477, 5591041, 5644801, 5654881,
5660929, 5702401, 5806081, 5834401, 5847661, 5864321, 5880601, 5907331,
5913601, 5924161, 5930497, 5945941, 5948641, 5990401, 6014737, 6065281,
6071297, 6082561, 6098401, 6174631, 6220369, 6265351, 6283201, 6342337,
6361741, 6403321, 6417841, 6432427, 6477409, 6609601, 6652801, 6671809,
6766579, 6789121, 6806801, 6816151, 6842881, 6854401, 6858433, 6860701,
6880303, 6899201, 6985441, 6998401, 7047041, 7068601, 7108993, 7144201,
7160401, 7188481, 7257097, 7297291, 7338241, 7425601, 7434241, 7484401,
7550401, 7581601, 7603201, 7698241, 7701409, 7711201, 7733233, 7775461,
7783777, 7796881, 7833601, 7916833, 7920641, 7960681, 7983361, 8004151,
8128513, 8164801, 8168161, 8211457, 8236801, 8255521, 8328097, 8330851,
8339761, 8353801, 8377601, 8382529, 8401537, 8408401, 8467201, 8557121,
8576569, 8592481, 8639401, 8709121, 8771491, 8796481, 8812801, 8845201,
8870401, 8906437, 8918911, 8996401, 8997319, 9031681, 9060481, 9123841,
9139201, 9147601, 9165313, 9189181, 9225217, 9313921, 9335041, 9356257,
9359351, 9459451, 9596161, 9604981, 9609601, 9622801, 9676801, 9757441,
9784321, 9801793, 9845551, 9870337, 9879409, 9896041, 9909901, 10063873,
10108801, 10120951, 10183681, 10378369, 10395841, 10410121, 10478161,
10482473, 10483201, 10501921, 10531841, 10575361, 10602901, 10672201,
10716301, 10720711, 10782721, 10886401, 10890881, 10967041, 10995601,
11027017, 11038721, 11058433, 11119681, 11202049, 11226601, 11277631,
11289601, 11315201, 11372401, 11467171, 11515393, 11519201, 11525977,
11531521, 11552113, 11860993, 11995201, 12033451, 12080641, 12192769,
12370051, 12390401, 12418561, 12441601, 12475009, 12509641, 12530701,
12579841, 12723481, 12806641, 12812801, 12864853, 12888721, 12925441,
12954817, 13009921, 13178881, 13267801, 13305601, 13381633, 13478401,
13571713, 13578241, 13632301, 13759201, 13783771, 13823041, 13861121,
13899601, 13931191, 13970881, 13995829, 14100481, 14113441, 14229601,
14257153, 14350337, 14361601, 14414401, 14514193, 14556673, 14871601,
14995531, 15052801, 15095809, 15135121, 15240961, 15275521, 15402817,
15855841, 16039297, 16044601, 16054039, 16110901, 16307201, 16329601,
16511041, 16648633, 16727041, 16816801, 17059841, 17075521, 17184961,
17233921, 17273089, 17328169, 17503201, 17592961, 17611777, 17837821,
17992801, 17994637, 18044209, 18095617, 18278401, 18523891, 18627841,
18670081, 18712513, 18796051, 18849601, 18860689, 18869761, 19009537,
19027009, 19085221, 19192321, 19209961, 19245601, 19568641, 19768321,
19819801, 19828801, 19869697, 19901701, 20180161, 20386081, 20697601,
20849401, 20901889, 20956321, 21205801, 21266389, 21432601, 21441421,
21660211, 21891871, 21954241, 21964801, 22239361, 22643713, 22809601,
22870849, 22972951, 23265793, 23390641, 23482369, 23500801, 23696641,
23783761, 23990401, 24012451, 24216193, 24290281, 24393601, 24463297,
24675841, 24740101, 24837121, 25061401, 25159681, 25225201, 25276417,
25671361, 25933447, 26019841, 26138113, 26206181, 26314471, 26329601,
26462701, 26732161, 26954929, 27243217, 27320833, 27596801, 27646081,
27675649, 27747721, 27955201, 27993601, 28078051, 28148737, 28304641,
28435969, 28540513, 28740097, 28788481, 28828801, 29030401, 29082241,
29536651, 29611009, 29652481, 29702401, 29937601, 30201601, 30362851,
30412801, 30536353, 30648619, 30792961, 30830801, 31187521, 31352833,
31363201, 31842721, 32016601, 32089201, 32108077, 32313601, 32617729,
32656933, 32659201, 33022081, 33323401, 33510401, 33825793, 33872257,
33929281, 33945601, 34292161, 34306273, 34369921, 34467841, 34594561,
34700401, 35223553, 35642881, 36088417, 36241921, 37255681, 37322209,
37592101, 37699201, 37739521, 38419921, 38594557, 38666161, 38877301,
39191041, 39207169, 39626497, 39657601, 39916801, 40078963, 40435201,
40483801, 40715137, 41057281, 41074177, 41126401, 41929889, 42103153,
42127361, 42456961, 42653953, 42882841, 43084801, 43222411, 43243201,
43320421, 43929601, 44396353, 44416513, 44553601, 44579809, 44924881,
45101057, 45302401, 45405361, 45489601, 45722881, 45804529, 46061569,
46076801, 46126081, 46246201, 46267201, 46652761, 46675201, 46702657,
47001601, 47044801, 47589121, 47713051, 47900161, 48024901, 48117889,
48133801, 48332701, 48380641, 49621573, 49674241, 49985101, 50181121,
50803201, 50948353, 51081031, 51226561, 51321601, 51606017, 51836401,
51979201, 52039681, 52348033, 52509601, 52690177, 52778881, 52852801,
53071201, 53317441, 53513461, 54286849, 54743041, 54765569, 54885601,
55495441, 55756801, 55883521, 55983313, 55987201, 56137537, 56756701,
56871937, 57177121, 57283201, 57480193, 57760561, 57987073, 58060801,
58315951, 58705921, 59875201, 59899841, 60318721, 60475801, 60540481,
61471873, 62203681, 62375041, 62432371, 63011521, 63191041, 63423361,
63452161, 63617401, 63685441, 63974401, 64576513, 64627201, 64696321,
64980631, 65318401, 65894401, 66533377, 66594529, 66908161, 67212289,
67665781, 67744513, 67953601, 68918851, 69115201, 69369301, 69655951,
69979141, 70012801, 70371841, 70470401, 71251489, 71285761, 71850241,
71971201, 73156609, 74299681, 74432359, 74644417, 74850049, 75271681,
76108033, 76142593, 76340881, 76377601, 76640257, 76876801, 77014081,
77754601, 77968801, 78059521, 78382081, 78618541, 79168321, 79206401,
79279201, 80061697, 80634401, 81285121, 81544321, 82328401, 82487809,
82790401, 85377601, 85542913, 85765681, 85924801, 86102017, 86365441,
86444821, 86732801, 87091201, 87246721, 88609951, 89159617, 89413633,
89849761, 90478081, 90972883, 91069441, 91483393, 92534401, 93139201,
93305521, 93562561, 95135041, 96049801, 96645121, 96864769, 97161121,
97297201, 97843201, 97970797, 98794081, 98841601, 99348481, 100900801,
102918817, 103958401, 104053951, 104101201, 105257881, 105557761,
106331941, 106877233, 107775361, 109771201, 110270161, 110584321,
111196801, 111513601, 111767041, 112275073, 112312201, 112378267,
112907521, 113218561, 113743873, 115153921, 115783669, 116113537,
116453377, 117089281, 118609921, 118972801, 120294721, 120806401,
120951601, 121080961, 122145409, 122204161, 123323201, 125737921,
125798401, 126023041, 127234801, 127948801, 128066401, 129548161,
129961261, 130627729, 130690561, 131725441, 133189057, 134719201,
135475201, 135717121, 135907201, 136216081, 136913921, 137837701,
138230401, 139594753, 140507137, 141523201, 142942801, 143139151,
143957089, 145141921, 145566721, 146313217, 149022721, 150796801,
150958081, 151227649, 154664641, 155937601, 155953513, 156764161,
157237081, 157528801, 158070529, 158336641, 160540381, 161441281,
163088641, 164975617, 165876481, 166053889, 166333441, 166795201,
167719553, 168892417, 172339201, 172440577, 172972801, 173675503,
175134961, 175633921, 176432257, 176934913, 180956161, 181427401,
183306241, 183783601, 184415617, 185238901, 190270081, 190852201,
191600641, 193881601, 194594401, 194941891, 195686401, 196035841,
198132481, 199600129, 200394811, 203860801, 209104897, 210038401,
211507201, 214053841, 215550721, 215913601, 217712881, 221981761,
224040961, 224756533, 225552601, 226437121, 226841473, 230307841,
233513281, 234572801, 236293201, 237105793, 237619201, 237945601,
239599361, 240589441, 241274881, 242594353, 246758401, 250192801,
251475841, 251579329, 256132801, 256628737, 256713601, 257774401,
258306049, 258508801, 259334461, 261273601, 266378113, 272141101,
273715201, 274337281, 274959361, 276460801, 281014273, 282268801,
283551841, 285005953, 285405121, 285885601, 287400961, 295975681,
296382241, 299675377, 299910601, 301593601, 302702401, 303242941,
304819201, 305363521, 308056321, 308756449, 312161851, 314906131,
317011969, 319334401, 320785921, 323870401, 326177281, 328593409,
329313601, 332666881, 333590401, 335899873, 337134799, 337784833,
338328901, 341510401, 344881153, 346563361, 350859601, 351859201,
354439801, 362419201, 363891529, 363916801, 367567201, 369969601,
370137601, 370477801, 371498401, 373621249, 374250241, 377368993,
378069121, 380007937, 383201281, 383358977, 385296913, 385945561,
389188801, 391412737, 392071681, 395366401, 403273729, 406425601,
408211651, 408648241, 413513101, 415876033, 418784257, 419298881,
419874841, 425327761, 426539521, 428107681, 430510081, 435425761,
438939649, 440339329, 440868583, 442337281, 443963521, 457228801,
458045281, 461039041, 466527601, 467860537, 470486017, 471711241,
475517953, 481178881, 492687361, 493516801, 496215721, 496742401,
499000321, 501811201, 503158657, 504092161, 505404901, 508939201,
509483521, 510810301, 513729217, 518192641, 522510913, 522762241,
524843551, 533174401, 534643201, 538876801, 539098561, 541326241,
544864321, 547655681, 560102401, 561891331, 566092801, 567103681,
577414657, 578918341, 591951361, 593049601, 593762401, 598998401,
605404801, 610727041, 611020801, 612972361, 617512897, 623814049,
628948321, 631910401, 634233601, 642161521, 645765121, 653138641,
654350401, 658627201, 673650433, 674269597, 676515841, 688030201,
694702009, 702535681, 703718401, 718502401, 726485761, 727783057,
732872449, 734780971, 737228801, 740955601, 742996801, 744323581,
746444161, 752716801, 758107351, 760015873, 761425921, 762361601,
767692801, 774090241, 782825473, 784143361, 791683201, 792529921,
801579241, 806547457, 808647841, 827026201, 832431601, 844462081,
845644801, 864448201, 868377511, 871782913, 888330241, 898497601,
902210401, 904780801, 907365889, 916531201, 922078081, 947122177,
947320921, 950019841, 951782401, 958003201, 963242281, 967612801,
987033601, 987940801, 995258881, 1000771201, 1007699617, 1010809801,
1014773761, 1017878401, 1023694849, 1037836801, 1052578801, 1065512449,
1069286401, 1076275201, 1077753601, 1078197121, 1087257601, 1122750721,
1137438721, 1150076929, 1151539201, 1161135361, 1176215041, 1197600769,
1221454081, 1224634951, 1235025793, 1237317121, 1240539301, 1243662337,
1244073601, 1247628097, 1260230401, 1263094561, 1268467201, 1283143681,
1284323041, 1286485201, 1307674369, 1341204481, 1347746401, 1354890241,
1366041601, 1372250881, 1386253441, 1389404017, 1405071361, 1447295851,
1451419201, 1457416801, 1470268801, 1494484993, 1497000961, 1498376881,
1508855041, 1522160641, 1556755201, 1568286721, 1574530651, 1583366401,
1605403801, 1628605441, 1676505601, 1679499361, 1701311041, 1728896401,
1732816801, 1761177601, 1768917151, 1776660481, 1796995201, 1804420801,
1814731777, 1833062401, 1868106241, 1871251201, 1872971101, 1890345601,
1900039681, 1902700801, 1926484561, 1929727801, 1949418901, 1979707393,
1984862881, 2003948101, 2015399233, 2020951297, 2047389697, 2049062401,
2058376321, 2105157601, 2117187073, 2122700581, 2132697601, 2138572801,
2155507201, 2156394241, 2177128801, 2219817601, 2241727489, 2322270721,
2324754433, 2368302301, 2377589761, 2397403009, 2399284801, 2419642369,
2421619201, 2451889441, 2490808321, 2526189121, 2599225201, 2612554561,
2654023681, 2668723201, 2732083201, 2778808033, 2809456651, 2850059521,
2874009601, 2875192321, 2879141761, 2894591701, 2905943041, 2911334401,
2914833601, 2959756801, 2963822401, 2994001921, 3032429401, 3053635201,
3082375297, 3087564481, 3096360961, 3113510401, 3136573441, 3199046401,
3257210881, 3317529601, 3331238401, 3368252161, 3396320929, 3487131649,
3512678401, 3566384641, 3608841601, 3629463553, 3638915281, 3657830401,
3715633153, 3730987009, 3745942201, 3789283681, 3833589761, 3852969121,
3886444801, 3918831841, 3969725761, 4007896201, 4023613441, 4025269249,
4032737281, 4041902593, 4071513601, 4075868161, 4262049793, 4265395201,
4281076801, 4341887551, 4349030401, 4354257601, 4470681601, 4483454977,
4491002881, 4678605361, 4828336129, 4885816321, 5031586561, 5038498081,
5040921601, 5160601601, 5181926401, 5210265061, 5225109121, 5234803201,
5269017601, 5374397953, 5419560961, 5428684801, 5448643201, 5486745601,
5532468481, 5598331201, 5645832193, 5660534881, 5731291567, 5748019201,
5774146561, 5789183401, 5878247761, 5901299713, 6088642561, 6147187201,
6161126401, 6175128961, 6192721921, 6368101741, 6398092801, 6404935681,
6654016513, 6659452801, 6805244161, 6849722881, 6861254401, 6900461569,
6931267201, 6947020081, 6966812161, 6979737601, 7125148801, 7277830561,
7393351681, 7491884401, 7547379841, 7641722089, 7698862081, 7705938241,
7772889601, 7837663681, 7846046209, 7892684801, 7903526401, 8172964801,
8187559381, 8196249601, 8248780801, 8562153601, 8683775101, 8733396673,
8872022017, 8915961601, 8982005761, 9097288201, 9132963841, 9160905601,
9500198401, 9510359041, 9552152611, 9583974401, 9771632641, 9898536961,
10081843201, 10236948481, 10260214273, 10373378401, 10888390657,
10897286401, 11321069761, 11342073601, 11548293121, 11611353601,
11623772161, 11855289601, 11909177281, 11943106561, 12214540801,
12350257921, 12373171201, 12666931201, 12843230401, 13232419201,
13722508801, 14010796801, 14090858497, 14375961601, 14384418049,
14395708801, 14529715201, 14886471601, 14970009601, 15094759681,
15157134721, 15545779201, 16167610369, 16467010561, 16672848193,
16981604641, 17061580801, 17124307201, 17367550201, 17435658241,
17634743281, 17831923201, 18194576401, 18681062401, 18810392833,
19000396801, 19372953601, 19760412673, 19848628801, 20549168641,
20746756801, 20793801601, 21576627073, 21956014081, 22016966401,
23096586241, 23156733601, 23393026801, 23775897601, 24908083201,
25592371201, 26200190017, 27291864601, 27360571393, 27398891521,
27725068801, 28021593601, 28215589249, 28302674401, 28791417601,
29857766401, 30177100801, 30443212801, 30823752961, 31757806081,
31965373441, 33713479801, 34200714241, 34248614401, 34644879361,
35269486561, 35286451201, 35961045121, 36389152801, 36593356801,
37362124801, 37936926721, 38109367297, 38208610441, 39188318401,
39230231041, 40307984641, 41098337281, 41167526401, 41493513601,
41587603201, 41800872961, 41878425601, 42343741441, 42454011601,
42750892801, 43127884801, 44259747841, 44786649601, 45284279041,
46066268161, 46445414401, 46637337601, 48303230977, 49037788801,
49905123841, 50315865601, 51753461761, 52102650601, 52400380033,
53111697409, 54341134849, 56043187201, 56431178497, 57001190401,
57741465601, 58222644481, 62104154113, 64691827201, 66691392769,
68052441601, 69470200801, 70454292481, 71922090241, 73933516801,
74101547521, 75241571329, 77059382401, 80615969281, 83601745921,
86255769601, 86612198401, 87333966721, 88173716401, 89902612801,
90568558081, 93274675201, 95896120321, 98802063361, 101047564801,
102745843201, 104502182401, 105859353601, 108682269697, 109167458401,
113210697601, 118562476033, 121257077761, 123295011841, 127861493761,
128985550849, 130767436801, 133382785537, 136994457601, 138940401601,
145556611201, 148203095041, 150947596801, 151571347201, 156920924161,
166350412801, 169816046401, 172511539201, 172613016577, 173224396801,
176135731201, 177843714049, 179146598401, 186312462337, 190546836481,
191043052201, 194075481601, 201263462401, 209004364801, 211718707201,
217364539393, 224172748801, 229251662641, 238183545601, 249525619201,
262001900161, 278672486401, 286564578301, 299430743041, 301895193601,
329340211201, 333456963841, 345226033153, 383584481281, 404190259201,
419203040257, 470259820801, 476367091201, 513010713601, 575376721921,
733605320449, 776301926401, 821966745601, 873339667201, 917006650561,
1048007600641, 1074879590401, 1128623569921, 1310009500801,
1358528371201, 1397343467521, 1612319385601, 1667284819201,
1726130165761, 1811371161601, 2717056742401, 2794686935041,
3668026602241, 3762078566401, 4075585113601, 4585033252801,
6520936181761, 7336053204481, 10868226969601, 16302340454401,
29344212817921, 32604680908801, 48907021363201, 73360532044801,
97814042726401]
