888 : [37, 73, 109, 433, 41, 31, 61, 241, 181, 271, 541, 2161, 101, 401, 151,
601, 1201, 1801, 29, 113, 43, 337, 127, 1009, 379, 757, 71, 281, 211,
421, 631, 2521, 7561, 15121, 701, 2801, 1051, 4201, 6301, 12601, 89, 67,
199, 397, 2377, 881, 331, 661, 1321, 991, 2971, 23761, 3301, 4951, 9901,
19801, 14851, 118801, 617, 463, 3697, 4159, 8317, 16633, 2311, 4621,
9241, 18481, 55441, 3851, 15401, 11551, 92401, 34651, 103951, 415801,
53, 79, 313, 937, 1873, 131, 521, 3121, 1171, 2341, 3511, 28081, 1301,
1951, 15601, 5851, 11701, 17551, 70201, 140401, 547, 1093, 6553, 9829,
39313, 911, 2731, 21841, 8191, 16381, 65521, 24571, 196561, 54601,
109201, 81901, 982801, 859, 3433, 20593, 7723, 2861, 8581, 25741, 51481,
38611, 7151, 42901, 257401, 193051, 2003, 8009, 6007, 48049, 36037,
72073, 108109, 216217, 432433, 20021, 120121, 180181, 270271, 540541,
50051, 200201, 150151, 300301, 600601, 1201201, 450451, 2702701, 137,
103, 409, 307, 613, 919, 3673, 1361, 1021, 1531, 3061, 6121, 12241,
4591, 9181, 36721, 2551, 5101, 91801, 239, 953, 1429, 2857, 2143, 17137,
6427, 12853, 2381, 3571, 14281, 10711, 42841, 128521, 23801, 17851,
53551, 107101, 428401, 160651, 321301, 1123, 6733, 10099, 1871, 7481,
22441, 16831, 100981, 201961, 18701, 28051, 56101, 224401, 673201,
504901, 5237, 23563, 70687, 565489, 52361, 78541, 157081, 314161,
117811, 235621, 471241, 1178101, 7068601, 443, 1327, 15913, 23869,
47737, 4421, 17681, 19891, 79561, 59671, 238681, 477361, 44201, 33151,
66301, 198901, 795601, 12377, 9283, 74257, 27847, 167077, 30941, 46411,
92821, 185641, 371281, 417691, 1670761, 77351, 232051, 2088451, 8353801,
29173, 116689, 43759, 87517, 97241, 72931, 145861, 291721, 656371,
2625481, 5250961, 243101, 729301, 1458601, 1093951, 2187901, 102103,
816817, 612613, 1837837, 680681, 4084081, 9189181, 6806801, 5105101,
22972951, 183783601, 229, 457, 2053, 8209, 191, 761, 571, 2281, 4561,
6841, 13681, 20521, 1901, 2851, 5701, 205201, 2129, 1597, 4789, 28729,
57457, 11971, 47881, 35911, 71821, 287281, 53201, 39901, 79801, 119701,
478801, 359101, 419, 30097, 11287, 22573, 90289, 6271, 12541, 56431,
225721, 451441, 41801, 62701, 564301, 1128601, 2927, 8779, 105337,
117041, 43891, 351121, 131671, 526681, 1053361, 790021, 1580041, 292601,
219451, 658351, 3950101, 1483, 4447, 8893, 35569, 13339, 53353, 7411,
14821, 29641, 59281, 177841, 98801, 74101, 148201, 333451, 666901,
2667601, 6917, 20749, 31123, 124489, 186733, 17291, 51871, 207481,
1867321, 1037401, 2074801, 778051, 6224401, 21737, 48907, 97813, 391249,
146719, 217361, 163021, 652081, 489061, 733591, 2934361, 5868721,
135851, 1222651, 2445301, 9781201, 38039, 456457, 342343, 1369369,
1027027, 2282281, 6846841, 5135131, 41081041, 11411401, 22822801,
8558551, 17117101, 25675651, 647, 3877, 7753, 17443, 139537, 25841,
19381, 77521, 87211, 697681, 64601, 290701, 4523, 18089, 13567, 108529,
40699, 135661, 406981, 813961, 113051, 452201, 339151, 4069801, 3052351,
6104701, 511633, 35531, 106591, 213181, 1279081, 3837241, 7674481,
532951, 1065901, 19186201, 38372401, 895357, 1790713, 5372137, 1492261,
2984521, 2238391, 4476781, 17907121, 6715171, 53721361, 3730651,
14922601, 11191951, 22383901, 67151701, 134303401, 75583, 302329,
1813969, 251941, 377911, 1133731, 839801, 1259701, 5038801, 1889551,
3779101, 45349201, 58787, 1058149, 4232593, 6348889, 12697777, 2351441,
2645371, 4408951, 17635801, 35271601, 554269, 1108537, 2217073, 6651217,
2771341, 4157011, 12471031, 24942061, 83140201, 249420601, 1939939,
46558513, 3233231, 232792561, 174594421, 129329201, 193993801,
1163962801, 436486051, 1745944201, 47, 139, 277, 829, 1657, 3313, 4969,
461, 691, 1381, 5521, 16561, 6211, 12421, 24841, 49681, 1151, 31051,
248401, 1289, 967, 1933, 11593, 17389, 3221, 4831, 9661, 24151, 96601,
193201, 217351, 1013, 4049, 3037, 6073, 9109, 18217, 36433, 109297,
2531, 7591, 45541, 91081, 68311, 136621, 25301, 37951, 455401, 10627,
85009, 70841, 106261, 318781, 1275121, 478171, 956341, 1912681, 177101,
1062601, 796951, 19126801, 599, 2393, 7177, 21529, 129169, 5981, 8971,
71761, 107641, 161461, 322921, 14951, 44851, 538201, 1076401, 25117,
150697, 113023, 167441, 62791, 502321, 565111, 4520881, 104651, 418601,
627901, 1255801, 2511601, 7534801, 2825551, 473617, 131561, 197341,
296011, 328901, 493351, 3946801, 2960101, 368369, 138139, 276277,
552553, 828829, 4972969, 9945937, 920921, 1381381, 2762761, 16576561,
24864841, 49729681, 2302301, 3453451, 13813801, 41441401, 62162101,
248648401, 6257, 2347, 7039, 84457, 168913, 3911, 15641, 11731, 70381,
140761, 527851, 10949, 43793, 98533, 394129, 147799, 591193, 109481,
1970641, 2955961, 5911921, 1094801, 410551, 821101, 7389901, 51613,
77419, 1858033, 258061, 774181, 215051, 11612701, 23225401, 1445137,
541927, 3251557, 6503113, 602141, 2408561, 903211, 1806421, 21677041,
65031121, 4516051, 18064201, 27096301, 54192601, 81288901, 162577801,
20333, 121993, 203321, 304981, 914941, 1372411, 10979281, 508301,
2033201, 3049801, 6099601, 9149401, 426973, 1707889, 2561833, 3842749,
7685497, 355811, 2134861, 4269721, 8539441, 6404581, 3558101, 21348601,
111827, 12077209, 1118261, 3354781, 6709561, 20128681, 40257361,
15096511, 30193021, 11182601, 50321701, 782783, 2348347, 7045039,
42270229, 31311281, 140900761, 422702281, 845404561, 78278201,
117417301, 469669201, 176125951, 7867, 15733, 62929, 23599, 8741, 34961,
157321, 314641, 117991, 21851, 65551, 131101, 393301, 1179901, 2359801,
24473, 36709, 73417, 146833, 440497, 244721, 91771, 550621, 1651861,
611801, 1835401, 11012401, 4129651, 8259301, 76913, 28843, 173053,
1153681, 432631, 865261, 721051, 2884201, 5768401, 8652601, 6489451,
134597, 336491, 4037881, 18170461, 36340921, 40378801, 15142051, 102259,
204517, 409033, 613549, 113621, 1533871, 284051, 852151, 2556451,
5112901, 20451601, 318137, 954409, 1908817, 1431613, 2147419, 4294837,
1193011, 7158061, 47720401, 17895151, 35790301, 53685451, 749893,
2999569, 13498057, 26996113, 2499641, 3749461, 5624191, 44993521,
16872571, 33745141, 6249101, 18747301, 1749749, 2624623, 10498489,
20996977, 23621599, 17497481, 13123111, 52492441, 78738661, 314954641,
944863921, 65615551, 196846651, 1574773201, 590539951, 1181079901,
2362159801, 133723, 534889, 1069777, 3209329, 297161, 445741, 891481,
1782961, 668611, 2005831, 3343051, 13372201, 26744401, 20058301, 624037,
1872109, 3744217, 7488433, 11232649, 520031, 2080121, 14040811,
23401351, 70204051, 140408101, 280816201, 1961257, 8825653, 6537521,
9806281, 19612561, 29418841, 22064131, 44128261, 4085951, 16343801,
147094201, 41186377, 123559129, 247118257, 17160991, 1235591281,
85804951, 343219801, 1029659401, 2059318801, 6177956401, 1545233,
2897311, 23178481, 52151581, 104303161, 14486551, 130378951, 260757901,
2704157, 8112469, 48674809, 292048849, 40562341, 162249361, 121687021,
182530531, 365061061, 270415601, 405623401, 50992657, 57366739,
114733477, 254963281, 637408201, 478056151, 3824449201, 803134333,
892371481, 4015671661, 16062686641, 4461857401, 8923714801, 13385572201,
26771144401, 20078358301, 40156716601]