201: [13, 17, 19, 23, 37, 41, 61, 67, 71, 89, 97, 101, 109, 113, 127, 151,
181, 193, 199, 211, 241, 251, 257, 271, 281, 331, 337, 353, 379, 397,
401, 421, 433, 449, 463, 541, 577, 601, 617, 631, 641, 661, 673, 701,
751, 757, 769, 881, 991, 1009, 1051, 1153, 1201, 1321, 1409, 1601, 1801,
2017, 2113, 2161, 2251, 2311, 2377, 2521, 2689, 2801, 3001, 3301, 3361,
3457, 3697, 3851, 4001, 4159, 4201, 4481, 4621, 4801, 4951, 5281, 5501,
6301, 6337, 7001, 7393, 7561, 7681, 8317, 8641, 9001, 9241, 9601, 9857,
9901, 10501, 10753, 11551, 12097, 12601, 13441, 14081, 14401, 14851,
15121, 15361, 15401, 16001, 16633, 17921, 18481, 19009, 20161, 21001,
21121, 21601, 23041, 23761, 24001, 25601, 26881, 28001, 29569, 30241,
32257, 33601, 34651, 35201, 38501, 43201, 47251, 47521, 54001, 55441,
57601, 57751, 63361, 64513, 66529, 76801, 79201, 84481, 88001, 96001,
98561, 100801, 101377, 103951, 105601, 115201, 118273, 118801, 126001,
132001, 134401, 138241, 148501, 151201, 154001, 161281, 172801, 177409,
231001, 241921, 252001, 316801, 332641, 345601, 346501, 384001, 394241,
396001, 415801, 432001, 504001, 528001, 576001, 604801, 739201, 760321,
950401, 1008001, 1108801, 1188001, 1584001, 2534401, 3456001, 3548161,
3696001, 4158001, 5544001, 5913601, 6652801, 8316001, 8870401, 12096001,
13305601, 14784001, 29568001, 33264001, 44352001, 88704001]

202: [13, 17, 19, 29, 37, 41, 43, 61, 67, 71, 73, 89, 97, 101, 109, 113, 127,
151, 181, 193, 199, 211, 241, 251, 257, 271, 281, 331, 337, 353, 379,
401, 421, 433, 449, 463, 541, 577, 601, 617, 631, 641, 661, 673, 701,
751, 757, 769, 881, 991, 1009, 1051, 1153, 1201, 1321, 1601, 2017, 2113,
2161, 2251, 2311, 2377, 2521, 2689, 2801, 2971, 3001, 3169, 3301, 3457,
3697, 3851, 4001, 4159, 4201, 4481, 4621, 4801, 5501, 6301, 6337, 7001,
7393, 7561, 8317, 8641, 9001, 9241, 9601, 9857, 9901, 10501, 10753,
11551, 12097, 12601, 13441, 14081, 14401, 14851, 15121, 15361, 15401,
16001, 16633, 17921, 18481, 19009, 19801, 20161, 21001, 21601, 23041,
23761, 24001, 25601, 26881, 28001, 29569, 30241, 32257, 33601, 34651,
35201, 38501, 43201, 47251, 47521, 54001, 57601, 57751, 63361, 64513,
66529, 76801, 79201, 84481, 88001, 92401, 96001, 96769, 98561, 100801,
101377, 103951, 105601, 110881, 115201, 118273, 118801, 126001, 132001,
134401, 138241, 148501, 151201, 154001, 161281, 172801, 231001, 241921,
252001, 316801, 332641, 345601, 346501, 384001, 394241, 396001, 415801,
432001, 504001, 528001, 576001, 604801, 739201, 760321, 950401, 985601,
1008001, 1108801, 1188001, 1584001, 2534401, 3456001, 3548161, 3696001,
4158001, 4752001, 5544001, 5913601, 6652801, 7603201, 8316001, 8870401,
12096001, 13305601, 14784001, 29568001, 33264001, 44352001, 88704001]

203: [13, 17, 19, 23, 29, 31, 37, 41, 43, 61, 67, 71, 89, 97, 101, 109, 113,
127, 151, 181, 193, 199, 211, 241, 251, 257, 271, 331, 337, 397, 401,
421, 433, 449, 463, 541, 577, 601, 617, 631, 641, 661, 673, 701, 751,
757, 769, 991, 1009, 1051, 1153, 1201, 1321, 1409, 1601, 1801, 2017,
2113, 2161, 2251, 2311, 2377, 2521, 2689, 2801, 2971, 3001, 3169, 3301,
3361, 3457, 3697, 3851, 4001, 4159, 4201, 4481, 4621, 4801, 4951, 5281,
5501, 6301, 6337, 7001, 7393, 7561, 7681, 8317, 8641, 9001, 9241, 9601,
9857, 9901, 10501, 10753, 11551, 12097, 12601, 13441, 14081, 14401,
14851, 15121, 15361, 15401, 16001, 16633, 17921, 18481, 19009, 19801,
20161, 21001, 21121, 21601, 23041, 23761, 24001, 25601, 26881, 28001,
29569, 30241, 32257, 33601, 34651, 35201, 38501, 43201, 47251, 47521,
54001, 55441, 57601, 57751, 63361, 64513, 66529, 76801, 79201, 84481,
88001, 92401, 96001, 96769, 100801, 101377, 103951, 105601, 110881,
115201, 118273, 118801, 126001, 132001, 134401, 138241, 148501, 151201,
154001, 172801, 177409, 231001, 252001, 316801, 332641, 345601, 346501,
384001, 394241, 396001, 415801, 432001, 504001, 528001, 576001, 739201,
760321, 950401, 985601, 1008001, 1188001, 1584001, 3456001, 3548161,
3696001, 4158001, 4752001, 5544001, 5913601, 6652801, 7603201, 8316001,
8870401, 12096001, 13305601, 14784001, 29568001, 33264001, 44352001,
88704001]

204: [13, 17, 19, 23, 29, 31, 37, 41, 43, 61, 67, 71, 73, 89, 97, 101, 109,
113, 127, 151, 181, 193, 199, 211, 241, 251, 257, 271, 281, 331, 337,
353, 379, 397, 401, 421, 433, 449, 463, 541, 577, 601, 617, 631, 641,
661, 673, 701, 751, 757, 769, 881, 991, 1009, 1051, 1153, 1201, 1321,
1601, 1801, 2017, 2113, 2161, 2251, 2311, 2377, 2521, 2689, 2801, 2971,
3001, 3169, 3301, 3361, 3457, 3697, 3851, 4001, 4159, 4481, 4621, 4801,
4951, 5281, 5501, 6301, 6337, 7001, 7393, 7561, 7681, 8317, 8641, 9001,
9241, 9601, 9857, 9901, 10501, 10753, 12097, 12601, 13441, 14081, 14401,
14851, 15121, 15361, 15401, 16001, 16633, 18481, 19009, 20161, 21001,
21121, 21601, 23041, 23761, 24001, 25601, 26881, 28001, 29569, 30241,
32257, 33601, 34651, 35201, 38501, 43201, 47521, 54001, 55441, 57601,
57751, 63361, 64513, 66529, 76801, 79201, 84481, 88001, 92401, 96001,
98561, 100801, 101377, 105601, 115201, 118273, 118801, 126001, 132001,
134401, 138241, 148501, 151201, 154001, 161281, 172801, 177409, 231001,
241921, 252001, 316801, 332641, 345601, 346501, 384001, 394241, 396001,
432001, 504001, 528001, 576001, 604801, 739201, 760321, 950401, 985601,
1008001, 1108801, 1188001, 1584001, 2534401, 3456001, 3548161, 3696001,
4158001, 4752001, 5544001, 5913601, 6652801, 7603201, 8316001, 8870401,
12096001, 13305601, 14784001, 29568001, 33264001, 44352001, 88704001]

205: [17, 19, 23, 29, 31, 37, 41, 43, 61, 67, 71, 73, 89, 97, 101, 109, 113,
151, 181, 193, 199, 241, 251, 257, 281, 331, 337, 353, 379, 397, 421,
433, 449, 463, 577, 601, 617, 631, 641, 661, 673, 701, 751, 757, 769,
881, 991, 1009, 1051, 1153, 1201, 1321, 1409, 1601, 1801, 2017, 2113,
2161, 2251, 2311, 2377, 2521, 2689, 2801, 2971, 3001, 3169, 3301, 3361,
3457, 3697, 3851, 4159, 4201, 4481, 4621, 4801, 4951, 5281, 6301, 6337,
7001, 7393, 7561, 7681, 8317, 8641, 9001, 9241, 9601, 9857, 9901, 10501,
10753, 11551, 12097, 12601, 13441, 14081, 14401, 14851, 15121, 15361,
15401, 16001, 16633, 17921, 18481, 19009, 19801, 20161, 21001, 21121,
21601, 23041, 23761, 24001, 25601, 26881, 28001, 29569, 30241, 32257,
33601, 34651, 35201, 43201, 47251, 47521, 54001, 55441, 57601, 57751,
63361, 64513, 66529, 76801, 79201, 84481, 88001, 92401, 96001, 96769,
98561, 100801, 101377, 103951, 105601, 110881, 115201, 118273, 118801,
126001, 132001, 134401, 138241, 148501, 151201, 154001, 161281, 172801,
177409, 231001, 241921, 252001, 316801, 332641, 345601, 346501, 384001,
394241, 396001, 415801, 432001, 504001, 528001, 576001, 604801, 739201,
760321, 950401, 985601, 1008001, 1108801, 1188001, 1584001, 2534401,
3456001, 3548161, 3696001, 4158001, 4752001, 5544001, 5913601, 6652801,
7603201, 8316001, 8870401, 12096001, 13305601, 14784001, 29568001,
33264001, 44352001, 88704001]

206: [13, 17, 19, 23, 29, 31, 37, 41, 43, 61, 67, 71, 73, 89, 97, 101, 109,
113, 127, 151, 181, 193, 199, 211, 251, 257, 271, 281, 331, 337, 353,
379, 397, 401, 421, 433, 449, 463, 541, 577, 601, 617, 631, 641, 661,
673, 701, 751, 757, 769, 881, 991, 1009, 1051, 1153, 1201, 1409, 1601,
1801, 2017, 2113, 2161, 2251, 2311, 2377, 2689, 2801, 2971, 3001, 3169,
3301, 3361, 3457, 3697, 3851, 4001, 4201, 4481, 4621, 4801, 4951, 5281,
5501, 6301, 6337, 7001, 7393, 7561, 7681, 8317, 8641, 9001, 9241, 9601,
9857, 9901, 10501, 10753, 11551, 12097, 12601, 13441, 14081, 14401,
14851, 15121, 15361, 15401, 16001, 16633, 17921, 18433, 18481, 19009,
19801, 21001, 21121, 21601, 23761, 24001, 25601, 26881, 28001, 29569,
30241, 32257, 33601, 34651, 35201, 38501, 43201, 47251, 47521, 54001,
55441, 57601, 57751, 63361, 64513, 66529, 76801, 79201, 84481, 88001,
92401, 96001, 96769, 98561, 100801, 101377, 103951, 105601, 110881,
118273, 118801, 126001, 134401, 138241, 151201, 154001, 172801, 202753,
231001, 241921, 252001, 316801, 345601, 346501, 384001, 394241, 396001,
415801, 432001, 473089, 504001, 528001, 576001, 604801, 739201, 760321,
950401, 1008001, 1075201, 1108801, 1188001, 1584001, 1689601, 2534401,
3456001, 3548161, 3696001, 3942401, 4752001, 5544001, 5913601, 6652801,
8316001, 8870401, 9676801, 14784001, 16128001, 29568001, 33264001,
44352001, 76032001, 88704001]

207: [13, 17, 23, 29, 31, 37, 41, 43, 67, 71, 73, 89, 97, 101, 109, 113, 127,
151, 181, 193, 199, 211, 241, 251, 257, 271, 281, 331, 337, 353, 379,
397, 401, 421, 433, 449, 463, 541, 577, 601, 617, 631, 641, 661, 673,
701, 757, 769, 881, 991, 1009, 1051, 1153, 1201, 1321, 1409, 1801, 2113,
2161, 2251, 2377, 2521, 2801, 2971, 3001, 3169, 3301, 3361, 3457, 3697,
3851, 4001, 4159, 4201, 4481, 4801, 4951, 5281, 5501, 6301, 6337, 7001,
7393, 7561, 7681, 8317, 8641, 9001, 9241, 9601, 9857, 9901, 10501,
10753, 11551, 12601, 13441, 14401, 14851, 15121, 15361, 15401, 16001,
17921, 18433, 19801, 20161, 21001, 21121, 21601, 23041, 23761, 24001,
25601, 26881, 28001, 29569, 30241, 32257, 33601, 34651, 35201, 38501,
43201, 47251, 47521, 54001, 55441, 57601, 57751, 63361, 66529, 76801,
79201, 84481, 88001, 92401, 96001, 96769, 98561, 100801, 101377, 103951,
105601, 110881, 115201, 118273, 118801, 126001, 132001, 134401, 138241,
148501, 151201, 154001, 161281, 172801, 202753, 231001, 241921, 252001,
316801, 332641, 345601, 346501, 384001, 396001, 415801, 432001, 473089,
504001, 528001, 576001, 604801, 739201, 760321, 950401, 985601, 1008001,
1075201, 1108801, 1188001, 1584001, 1689601, 2534401, 3456001, 3548161,
3696001, 3942401, 4158001, 4752001, 5544001, 5913601, 6652801, 7603201,
8316001, 8870401, 9676801, 12096001, 13305601, 14784001, 16128001,
29568001, 33264001, 44352001, 76032001, 88704001]

208: [29, 31, 41, 43, 47, 53, 61, 67, 71, 79, 103, 131, 137, 139, 157, 191,
211, 277, 281, 313, 331, 409, 419, 421, 443, 457, 461, 463, 521, 547,
571, 599, 617, 647, 661, 691, 761, 859, 911, 953, 1013, 1021, 1093,
1123, 1289, 1321, 1327, 1381, 1429, 1483, 1597, 1871, 1933, 2003, 2281,
2311, 2347, 2381, 2393, 2531, 2731, 2857, 2861, 3037, 3221, 3433, 3571,
3877, 3911, 4421, 4523, 4621, 4831, 5237, 5981, 6007, 6271, 6917, 7177,
7411, 7481, 7591, 7753, 8009, 8581, 8741, 8779, 8971, 9241, 9283, 9661,
10627, 10949, 11731, 12377, 12541, 13567, 14281, 14821, 15641, 18089,
19381, 20021, 20333, 20749, 21319, 21737, 22441, 24473, 25117, 28843,
29173, 29641, 29717, 30941, 35531, 36709, 38039, 46411, 51613, 51871,
52361, 58787, 62791, 70841, 72931, 73417, 78541, 91771, 92821, 97241,
102103, 106261, 106591, 109481, 111827, 113621, 120121, 121993, 131561,
134597, 135661, 138139, 145861, 157081, 163021, 185641, 197341, 203321,
207481, 213181, 251941, 258061, 276277, 297161, 304981, 318137, 336491,
355811, 426973, 445741, 456457, 461891, 520031, 552553, 554269, 602141,
624037, 680681, 749893, 782783, 891481, 903211, 920921, 954409, 1108537,
1118261, 1193011, 1381381, 1492261, 1749749, 1806421, 1939939, 1961257,
2080121, 2134861, 2282281, 2348347, 2499641, 2704157, 2762761, 2771341,
2897311, 2984521, 3233231, 3354781, 3749461, 4037881, 4269721, 6709561,
8112469, 9806281, 10498489, 13123111, 17160991, 17497481, 40562341,
52492441]

209: [29, 31, 41, 43, 47, 53, 61, 67, 71, 79, 89, 103, 131, 139, 157, 191,
211, 229, 239, 277, 281, 313, 331, 409, 419, 421, 443, 457, 461, 463,
521, 547, 571, 599, 617, 647, 661, 691, 761, 859, 953, 967, 1021, 1093,
1123, 1289, 1321, 1327, 1381, 1429, 1483, 1597, 1871, 1933, 2003, 2311,
2347, 2381, 2393, 2531, 2731, 2857, 2861, 2927, 3037, 3221, 3433, 3571,
3877, 3911, 4421, 4523, 4621, 4831, 5237, 5981, 6007, 6073, 6271, 6917,
7177, 7411, 7481, 7591, 7753, 8009, 8581, 8741, 8779, 8971, 9241, 9283,
9661, 10949, 11731, 12377, 12541, 13567, 14281, 14821, 15641, 17291,
18089, 19381, 20021, 20333, 20749, 21319, 21737, 22441, 24473, 25117,
28843, 29173, 29641, 29717, 30941, 35531, 36709, 38039, 43891, 46411,
51613, 51871, 52361, 58787, 62791, 72931, 73417, 91771, 92821, 97241,
102103, 106261, 106591, 109481, 111827, 113621, 120121, 121993, 131561,
134597, 135661, 138139, 145861, 157081, 163021, 185641, 197341, 203321,
207481, 213181, 251941, 276277, 291721, 297161, 304981, 318137, 336491,
355811, 426973, 445741, 456457, 461891, 520031, 552553, 554269, 602141,
680681, 749893, 782783, 891481, 903211, 920921, 954409, 1108537,
1118261, 1193011, 1381381, 1492261, 1749749, 1806421, 1939939, 1961257,
2080121, 2134861, 2282281, 2348347, 2499641, 2624623, 2704157, 2762761,
2771341, 2897311, 2984521, 3233231, 3354781, 3749461, 4037881, 4269721,
6709561, 8112469, 9806281, 10498489, 13123111, 17160991, 17497481,
40562341, 52492441]

210: [29, 31, 41, 43, 47, 53, 61, 67, 71, 79, 103, 131, 137, 139, 157, 191,
211, 229, 239, 277, 281, 313, 331, 409, 419, 421, 443, 457, 461, 463,
521, 547, 571, 599, 617, 647, 661, 691, 761, 859, 911, 953, 967, 1013,
1021, 1093, 1123, 1289, 1321, 1327, 1381, 1429, 1483, 1597, 1871, 1933,
2003, 2281, 2311, 2347, 2381, 2393, 2531, 2731, 2857, 2861, 2927, 3221,
3433, 3571, 3877, 3911, 4421, 4523, 4621, 5237, 5981, 6007, 6073, 6271,
6917, 7177, 7411, 7481, 7591, 7753, 8009, 8581, 8741, 8779, 8971, 9241,
9283, 9661, 10627, 10949, 11731, 12377, 12541, 13567, 14281, 14821,
15641, 17291, 18089, 19381, 20021, 20749, 21737, 22441, 24473, 25117,
28843, 29173, 29641, 29717, 30941, 35531, 38039, 43891, 46411, 51613,
51871, 52361, 58787, 62791, 70841, 72931, 73417, 78541, 91771, 92821,
97241, 102103, 106261, 106591, 109481, 111827, 113621, 120121, 121993,
131561, 134597, 135661, 138139, 145861, 157081, 163021, 185641, 197341,
203321, 207481, 213181, 258061, 276277, 291721, 297161, 304981, 318137,
336491, 355811, 426973, 445741, 456457, 461891, 520031, 552553, 554269,
602141, 624037, 680681, 749893, 782783, 891481, 903211, 920921, 954409,
1108537, 1118261, 1193011, 1381381, 1492261, 1749749, 1939939, 1961257,
2080121, 2134861, 2282281, 2348347, 2499641, 2624623, 2704157, 2762761,
2771341, 2897311, 2984521, 3233231, 3354781, 3749461, 4037881, 4269721,
6709561, 8112469, 9806281, 10498489, 13123111, 17160991, 17497481,
40562341, 52492441]

211: [29, 31, 41, 43, 53, 61, 67, 71, 79, 89, 131, 137, 139, 157, 211, 229,
239, 277, 281, 313, 331, 409, 419, 421, 443, 457, 461, 463, 521, 547,
571, 599, 617, 647, 661, 691, 761, 859, 911, 953, 967, 1013, 1021, 1093,
1289, 1321, 1327, 1381, 1429, 1483, 1597, 1871, 1933, 2003, 2281, 2311,
2347, 2381, 2393, 2531, 2731, 2857, 2861, 2927, 3037, 3221, 3433, 3877,
3911, 4421, 4523, 4621, 4831, 5237, 5981, 6007, 6073, 6271, 6917, 7177,
7411, 7481, 7591, 7753, 8009, 8581, 8741, 8779, 8971, 9241, 9283, 9661,
10627, 10949, 11731, 12377, 12541, 13567, 14281, 14821, 15641, 17291,
18089, 19381, 20021, 20333, 20749, 21319, 21737, 22441, 24473, 25117,
28843, 29173, 29641, 29717, 30941, 35531, 36709, 38039, 43891, 46411,
51613, 51871, 52361, 58787, 62791, 70841, 72931, 73417, 78541, 91771,
92821, 97241, 102103, 106261, 106591, 109481, 111827, 113621, 120121,
121993, 131561, 134597, 135661, 138139, 157081, 163021, 185641, 197341,
203321, 207481, 213181, 251941, 258061, 276277, 291721, 297161, 304981,
318137, 336491, 355811, 426973, 445741, 456457, 461891, 520031, 552553,
554269, 602141, 624037, 680681, 749893, 782783, 891481, 903211, 920921,
954409, 1108537, 1118261, 1193011, 1381381, 1492261, 1749749, 1806421,
1939939, 1961257, 2080121, 2134861, 2282281, 2348347, 2499641, 2704157,
2762761, 2771341, 2897311, 2984521, 3233231, 3354781, 3749461, 4037881,
4269721, 6709561, 8112469, 9806281, 10498489, 13123111, 17160991,
17497481, 40562341, 52492441]

212: [29, 31, 41, 43, 47, 53, 61, 67, 71, 79, 89, 103, 131, 137, 139, 157,
191, 211, 229, 239, 277, 281, 313, 331, 409, 419, 421, 443, 457, 461,
463, 521, 547, 571, 599, 617, 647, 661, 691, 761, 911, 953, 967, 1013,
1021, 1093, 1123, 1289, 1321, 1327, 1381, 1429, 1483, 1597, 1871, 1933,
2003, 2281, 2311, 2347, 2381, 2393, 2531, 2731, 2857, 2861, 2927, 3037,
3221, 3433, 3571, 3877, 3911, 4523, 4621, 5237, 5981, 6007, 6073, 6271,
6917, 7177, 7411, 7481, 7591, 7753, 8009, 8581, 8741, 8779, 8971, 9241,
9283, 10627, 10949, 11731, 12377, 12541, 13567, 14281, 14821, 15641,
17291, 18089, 19381, 20021, 20333, 20749, 21319, 21737, 22441, 24473,
25117, 28843, 29173, 29641, 29717, 30941, 35531, 36709, 38039, 43891,
46411, 51613, 51871, 52361, 58787, 62791, 70841, 72931, 73417, 78541,
91771, 92821, 97241, 102103, 106261, 106591, 109481, 111827, 113621,
120121, 121993, 131561, 134597, 135661, 138139, 145861, 157081, 163021,
185641, 197341, 203321, 207481, 213181, 251941, 258061, 276277, 291721,
297161, 304981, 318137, 336491, 355811, 426973, 445741, 456457, 461891,
520031, 552553, 554269, 602141, 624037, 680681, 749893, 782783, 891481,
903211, 920921, 954409, 1108537, 1118261, 1193011, 1381381, 1492261,
1749749, 1806421, 1939939, 1961257, 2134861, 2282281, 2348347, 2499641,
2624623, 2704157, 2762761, 2771341, 2897311, 2984521, 3233231, 3354781,
3749461, 4269721, 6709561, 8112469, 9806281, 10498489, 13123111,
17160991, 17497481, 40562341, 52492441]

213: [17, 19, 23, 29, 31, 41, 43, 53, 61, 67, 71, 73, 79, 89, 97, 113, 127,
131, 157, 163, 193, 199, 211, 241, 257, 271, 281, 313, 331, 337, 353,
379, 397, 421, 449, 463, 521, 541, 547, 577, 617, 631, 641, 661, 673,
757, 859, 881, 911, 937, 991, 1009, 1093, 1153, 1171, 1249, 1297, 1321,
1409, 1621, 1783, 1873, 2003, 2017, 2081, 2113, 2161, 2269, 2311, 2341,
2377, 2521, 2593, 2689, 2731, 2861, 2971, 3121, 3169, 3329, 3361, 3433,
3457, 3511, 3697, 4159, 4621, 4993, 5281, 6007, 6337, 6481, 6553, 7129,
7393, 7489, 7561, 7723, 8009, 8191, 8317, 8581, 8641, 8737, 9241, 9829,
9857, 10369, 10531, 12097, 13441, 13729, 14081, 14561, 15121, 16381,
16633, 18481, 19009, 20021, 20161, 20593, 21061, 21121, 21841, 23167,
23297, 23761, 24571, 25741, 26209, 26881, 27457, 28081, 28513, 29569,
30241, 36037, 37441, 38611, 39313, 45361, 47521, 48049, 49921, 51481,
55441, 63361, 65521, 66529, 72073, 72577, 96097, 98561, 99793, 103681,
108109, 110881, 115831, 117937, 120121, 123553, 131041, 168481, 174721,
177409, 180181, 183041, 192193, 196561, 216217, 228097, 231661, 241921,
270271, 285121, 314497, 329473, 332641, 336961, 393121, 411841, 432433,
463321, 498961, 540541, 549121, 576577, 589681, 617761, 628993, 648649,
673921, 786241, 960961, 988417, 1153153, 1281281, 1297297, 1621621,
1647361, 1853281, 1921921, 1995841, 2358721, 3144961, 3843841, 3991681,
4324321, 7983361, 10378369, 11531521, 34594561]

214: [17, 19, 23, 29, 31, 37, 41, 43, 53, 61, 67, 71, 73, 79, 89, 97, 109,
113, 127, 131, 157, 163, 181, 193, 199, 211, 257, 271, 281, 313, 331,
337, 353, 379, 397, 421, 433, 449, 463, 521, 541, 547, 577, 617, 631,
641, 661, 673, 757, 769, 811, 859, 881, 937, 991, 1009, 1093, 1153,
1171, 1249, 1297, 1321, 1409, 1621, 1783, 1873, 2003, 2017, 2081, 2113,
2161, 2269, 2311, 2341, 2377, 2521, 2593, 2689, 2731, 2861, 2971, 3121,
3169, 3329, 3361, 3433, 3457, 3511, 3697, 4159, 4481, 4621, 4993, 5281,
6007, 6337, 6481, 6553, 7129, 7393, 7489, 7723, 8009, 8191, 8317, 8581,
8641, 8737, 9241, 9829, 9857, 10369, 10531, 12097, 13441, 13729, 14081,
14561, 15121, 16381, 16633, 18481, 20021, 20161, 20593, 21061, 21121,
21841, 23167, 23297, 23761, 24571, 25741, 26209, 26881, 27457, 28081,
28513, 29569, 30241, 36037, 37441, 38611, 39313, 45361, 47521, 48049,
49921, 51481, 55441, 63361, 65521, 66529, 72073, 72577, 96097, 98561,
99793, 103681, 108109, 110881, 115831, 117937, 120121, 123553, 131041,
168481, 174721, 177409, 180181, 183041, 192193, 196561, 216217, 228097,
231661, 241921, 270271, 285121, 314497, 329473, 332641, 336961, 393121,
411841, 432433, 463321, 498961, 540541, 549121, 576577, 589681, 617761,
628993, 648649, 673921, 786241, 960961, 988417, 1153153, 1281281,
1297297, 1621621, 1647361, 1921921, 1995841, 2358721, 3144961, 3843841,
3991681, 4324321, 7983361, 11531521, 34594561]

215: [17, 19, 23, 29, 31, 37, 41, 43, 53, 61, 67, 71, 73, 79, 89, 101, 113,
127, 131, 151, 157, 181, 197, 199, 211, 241, 281, 331, 337, 397, 401,
421, 463, 491, 521, 547, 601, 617, 631, 661, 701, 727, 859, 881, 911,
937, 991, 1009, 1051, 1093, 1171, 1201, 1301, 1321, 1453, 1471, 1801,
1873, 1951, 2003, 2179, 2311, 2341, 2521, 2549, 2731, 2801, 2861, 3301,
3389, 3433, 3529, 3631, 3697, 3823, 3851, 4201, 4357, 4621, 4951, 5851,
6007, 6301, 6469, 6553, 7057, 7151, 7351, 8009, 8191, 8581, 8713, 8821,
9241, 9901, 10193, 10781, 10891, 11467, 11551, 11701, 12101, 12601,
13553, 15289, 15401, 15601, 15731, 16381, 18481, 19801, 20593, 21841,
22051, 25169, 25411, 25741, 25873, 26951, 29401, 30493, 30577, 32341,
35281, 36037, 42043, 42901, 44101, 48049, 50051, 50821, 51481, 54601,
55441, 56629, 57331, 62921, 65521, 66067, 72073, 76231, 76441, 77617,
81901, 84701, 87121, 92401, 97021, 101641, 109201, 114661, 120121,
126127, 127051, 129361, 142297, 150151, 152461, 176401, 180181, 200201,
229321, 235951, 237161, 242551, 252253, 257401, 284593, 286651, 300301,
308309, 330331, 350351, 377521, 388081, 420421, 426889, 440441, 471901,
485101, 560561, 600601, 660661, 770771, 792793, 840841, 889351, 943801,
970201, 1016401, 1051051, 1067221, 1132561, 1261261, 1401401, 1422961,
1849849, 1940401, 2312311, 2668051, 3049201, 3699697, 4268881, 4954951,
5336101, 8408401, 9909901, 10672201, 19819801, 25225201, 27747721,
30830801, 46246201, 55495441, 69369301]

216: [17, 19, 23, 29, 31, 37, 41, 43, 53, 61, 67, 71, 73, 79, 89, 101, 113,
127, 131, 151, 157, 181, 197, 199, 211, 241, 281, 313, 331, 337, 397,
401, 421, 463, 521, 547, 601, 631, 661, 701, 727, 859, 881, 883, 911,
937, 991, 1009, 1051, 1171, 1201, 1301, 1321, 1471, 1801, 1873, 1951,
2003, 2179, 2341, 2521, 2549, 2731, 2801, 2861, 3121, 3301, 3389, 3433,
3529, 3631, 3823, 3851, 4201, 4357, 4621, 4951, 5851, 5881, 6007, 6301,
6469, 6553, 7057, 7151, 7351, 8009, 8191, 8581, 8713, 8821, 9241, 9439,
9901, 10193, 10781, 10891, 11467, 11551, 11701, 12101, 12601, 13553,
15289, 15401, 15601, 15731, 16381, 18481, 19801, 20021, 20593, 21841,
22051, 25169, 25411, 25741, 25873, 26951, 29401, 30493, 30577, 32341,
34651, 35281, 36037, 42043, 42901, 44101, 48049, 50051, 50821, 51481,
54601, 55441, 56629, 57331, 65521, 66067, 72073, 76231, 76441, 77617,
81901, 84701, 87121, 92401, 97021, 101641, 109201, 120121, 126127,
127051, 129361, 142297, 150151, 152461, 176401, 180181, 200201, 229321,
235951, 237161, 242551, 252253, 257401, 284593, 286651, 300301, 308309,
330331, 350351, 377521, 388081, 420421, 426889, 440441, 450451, 471901,
485101, 560561, 600601, 660661, 770771, 792793, 840841, 889351, 943801,
970201, 1016401, 1051051, 1067221, 1132561, 1201201, 1261261, 1401401,
1422961, 1849849, 1940401, 2312311, 2668051, 3049201, 3699697, 4268881,
4954951, 5336101, 8408401, 9909901, 10672201, 19819801, 25225201,
27747721, 30830801, 46246201, 55495441, 69369301]

217: [17, 19, 23, 29, 31, 37, 41, 43, 53, 61, 71, 73, 79, 89, 101, 113, 131,
151, 157, 181, 197, 199, 211, 241, 281, 313, 331, 337, 397, 401, 421,
463, 491, 547, 601, 617, 631, 661, 701, 727, 859, 881, 883, 911, 937,
991, 1009, 1051, 1093, 1171, 1301, 1321, 1453, 1471, 1801, 1873, 1951,
2003, 2179, 2311, 2341, 2521, 2549, 2731, 2801, 2861, 3121, 3301, 3389,
3433, 3529, 3631, 3697, 3823, 3851, 4201, 4357, 4621, 4951, 5851, 5881,
6007, 6301, 6469, 6553, 7057, 7151, 7351, 8009, 8191, 8581, 8713, 8821,
9241, 9439, 9901, 10193, 10781, 10891, 11467, 11551, 11701, 12101,
12601, 13553, 15289, 15401, 15601, 15731, 16381, 18481, 19801, 20021,
20593, 21841, 22051, 25169, 25411, 25741, 25873, 26951, 29401, 30493,
30577, 32341, 34651, 35281, 36037, 42043, 42901, 44101, 48049, 50051,
50821, 51481, 54601, 55441, 56629, 57331, 62921, 65521, 72073, 76231,
76441, 77617, 81901, 84701, 87121, 92401, 97021, 101641, 109201, 114661,
120121, 127051, 129361, 142297, 150151, 152461, 176401, 180181, 200201,
229321, 235951, 237161, 242551, 252253, 257401, 284593, 286651, 300301,
308309, 330331, 350351, 377521, 388081, 420421, 426889, 440441, 450451,
471901, 485101, 560561, 600601, 660661, 770771, 792793, 840841, 889351,
943801, 970201, 1016401, 1051051, 1067221, 1132561, 1201201, 1261261,
1401401, 1422961, 1849849, 1940401, 2312311, 2668051, 3049201, 3699697,
4268881, 4954951, 5336101, 8408401, 9909901, 10672201, 19819801,
27747721, 30830801, 46246201, 55495441, 69369301]

218: 

219:

220: [29, 31, 37, 43, 47, 53, 67, 71, 79, 103, 127, 131, 139, 157, 181, 191,
199, 211, 229, 239, 277, 331, 397, 419, 421, 443, 461, 463, 547, 571,
599, 613, 631, 647, 661, 829, 859, 911, 967, 991, 1013, 1021, 1093,
1123, 1171, 1327, 1381, 1429, 1483, 1531, 1597, 1871, 1933, 2003, 2143,
2311, 2341, 2347, 2531, 2731, 2861, 2927, 3037, 3061, 3221, 3571, 3877,
3911, 4421, 4447, 4523, 4621, 4789, 4831, 5237, 5981, 6007, 6271, 6733,
6917, 7039, 7411, 7591, 7867, 8191, 8581, 8741, 8779, 9109, 9283, 9661,
10627, 10711, 10949, 11731, 11971, 12541, 13567, 14821, 15733, 16381,
16831, 17291, 19381, 19891, 20021, 20333, 20749, 23563, 25117, 25741,
27847, 28843, 29173, 29717, 30941, 31123, 35531, 36037, 36709, 38039,
40699, 43759, 43891, 45541, 46411, 48907, 51613, 51871, 58787, 62791,
72931, 75583, 77419, 78541, 87517, 91771, 92821, 97813, 98533, 102103,
106261, 111827, 113621, 117811, 131671, 133723, 134597, 135661, 138139,
145861, 163021, 173053, 180181, 197341, 204517, 213181, 235621, 251941,
258061, 276277, 296011, 304981, 318781, 336491, 342343, 355811, 377911,
406981, 426973, 432631, 445741, 461891, 489061, 520031, 541927, 550621,
554269, 602141, 612613, 624037, 668611, 749893, 774181, 828829, 865261,
895357, 903211, 914941, 1118261, 1193011, 1381381, 1431613, 1492261,
1749749, 1806421, 1872109, 1939939, 2134861, 2238391, 2348347, 2624623,
2645371, 2704157, 2897311, 3233231, 3354781, 3749461, 4157011, 4476781,
5624191, 6404581, 7045039, 7158061, 8112469, 13123111, 17160991,
40562341, 78738661, 121687021]

221: [19, 23, 29, 31, 37, 41, 43, 53, 61, 71, 73, 79, 89, 101, 103, 109, 127,
131, 137, 151, 157, 181, 199, 211, 239, 271, 281, 307, 313, 331, 379,
397, 421, 443, 463, 521, 541, 547, 601, 613, 617, 631, 661, 701, 757,
859, 911, 919, 937, 953, 991, 1021, 1051, 1093, 1123, 1171, 1301, 1321,
1327, 1429, 1531, 1801, 1871, 1951, 2003, 2143, 2311, 2341, 2377, 2381,
2521, 2551, 2731, 2861, 3061, 3301, 3433, 3511, 3673, 3851, 4159, 4201,
4421, 4591, 4621, 4951, 5101, 5237, 5851, 6007, 6121, 6301, 6427, 6553,
6733, 7151, 7481, 7561, 7723, 8009, 8191, 8317, 8581, 9181, 9241, 9283,
9829, 9901, 10099, 10711, 11551, 11701, 12377, 12601, 12853, 14281,
14851, 15401, 15913, 16381, 16633, 16831, 17551, 17851, 18701, 19801,
19891, 20021, 22441, 23563, 23801, 23869, 24571, 25741, 27847, 28051,
29173, 30941, 33151, 34651, 36037, 38611, 42841, 42901, 43759, 44201,
46411, 50051, 51481, 52361, 53551, 54601, 56101, 59671, 66301, 70201,
70687, 72073, 72931, 77351, 78541, 79561, 81901, 87517, 91801, 92821,
97241, 100981, 102103, 103951, 107101, 108109, 117811, 120121, 128521,
145861, 150151, 157081, 160651, 167077, 180181, 185641, 193051, 198901,
200201, 201961, 216217, 232051, 235621, 238681, 243101, 257401, 270271,
291721, 300301, 321301, 415801, 417691, 450451, 471241, 504901, 540541,
600601, 612613, 656371, 680681, 729301, 1093951, 1178101, 1458601,
1670761, 1837837, 2088451, 2187901, 2625481, 2702701, 5105101, 7068601,
8353801, 9189181, 22972951]

222: [29, 31, 37, 43, 53, 61, 67, 71, 79, 103, 127, 139, 157, 181, 191, 199,
211, 229, 239, 277, 307, 331, 397, 419, 421, 443, 461, 547, 599, 613,
631, 647, 661, 691, 829, 859, 911, 967, 991, 1013, 1021, 1093, 1123,
1171, 1327, 1381, 1429, 1483, 1531, 1597, 1871, 1933, 2003, 2143, 2311,
2341, 2347, 2381, 2531, 2731, 2861, 2927, 3037, 3061, 3221, 3571, 3877,
3911, 4421, 4447, 4523, 4621, 4789, 4831, 5237, 5981, 6007, 6271, 6733,
6917, 7039, 7411, 7591, 7867, 8191, 8581, 8741, 8779, 8893, 8971, 9109,
9283, 9661, 10627, 10711, 10949, 11731, 11971, 12541, 13567, 14821,
15733, 16381, 16831, 17291, 19381, 19891, 20021, 20749, 21319, 23563,
25117, 25741, 27847, 28843, 29173, 29717, 30941, 31123, 35531, 36037,
36709, 38039, 40699, 43759, 43891, 45541, 46411, 51613, 51871, 58787,
62791, 70381, 75583, 77419, 78541, 87517, 91771, 92821, 97813, 98533,
102259, 106261, 106591, 111827, 113621, 117811, 131671, 133723, 134597,
135661, 138139, 145861, 163021, 173053, 180181, 197341, 204517, 213181,
235621, 251941, 258061, 276277, 296011, 304981, 318781, 336491, 342343,
355811, 377911, 406981, 432631, 445741, 461891, 489061, 520031, 541927,
550621, 554269, 602141, 612613, 624037, 668611, 749893, 774181, 782783,
828829, 865261, 903211, 914941, 1058149, 1118261, 1193011, 1381381,
1431613, 1492261, 1806421, 1872109, 1939939, 2134861, 2238391, 2348347,
2624623, 2645371, 2704157, 2771341, 2897311, 3233231, 3354781, 3749461,
4157011, 4476781, 5624191, 6404581, 7045039, 7158061, 8112469, 13123111,
17160991, 40562341, 78738661, 121687021]

223: [29, 31, 37, 43, 47, 53, 61, 67, 71, 79, 103, 127, 131, 139, 157, 181,
191, 199, 211, 229, 239, 277, 307, 331, 397, 419, 421, 443, 461, 463,
547, 571, 599, 613, 631, 647, 661, 691, 829, 859, 911, 967, 991, 1013,
1021, 1093, 1123, 1327, 1381, 1429, 1483, 1531, 1597, 1871, 1933, 2003,
2143, 2311, 2341, 2347, 2381, 2531, 2731, 2861, 2927, 3037, 3061, 3221,
3571, 3877, 4447, 4621, 4789, 4831, 5237, 5981, 6007, 6271, 6733, 6917,
7039, 7411, 7591, 7867, 8191, 8581, 8741, 8779, 8893, 8971, 9109, 9283,
9661, 10627, 10711, 10949, 11731, 11971, 12541, 13567, 14821, 15733,
16381, 16831, 19381, 20021, 20333, 20749, 21319, 23563, 25117, 25741,
28843, 29173, 29717, 30941, 31123, 35531, 36037, 36709, 38039, 40699,
43759, 43891, 45541, 46411, 48907, 51613, 51871, 58787, 62791, 70381,
72931, 75583, 78541, 87517, 91771, 92821, 98533, 102103, 102259, 106261,
106591, 111827, 113621, 117811, 131671, 133723, 134597, 135661, 138139,
145861, 163021, 173053, 180181, 197341, 204517, 213181, 235621, 251941,
258061, 276277, 296011, 304981, 318781, 336491, 342343, 355811, 377911,
406981, 426973, 432631, 445741, 461891, 489061, 520031, 541927, 550621,
554269, 602141, 612613, 624037, 668611, 749893, 774181, 782783, 828829,
865261, 895357, 903211, 1058149, 1118261, 1193011, 1381381, 1431613,
1492261, 1749749, 1806421, 1872109, 1939939, 2134861, 2238391, 2348347,
2624623, 2645371, 2704157, 2771341, 2897311, 3233231, 3354781, 3749461,
4157011, 4476781, 5624191, 6404581, 7045039, 7158061, 8112469, 13123111,
17160991, 40562341, 78738661, 121687021]

224: [29, 31, 37, 47, 53, 61, 67, 71, 79, 103, 127, 131, 139, 157, 181, 191,
199, 211, 239, 277, 307, 331, 397, 419, 421, 443, 461, 463, 547, 571,
599, 613, 631, 647, 661, 691, 829, 859, 911, 967, 991, 1013, 1021, 1093,
1123, 1171, 1327, 1381, 1429, 1483, 1531, 1597, 1871, 1933, 2003, 2143,
2311, 2347, 2381, 2531, 2731, 2927, 3037, 3061, 3221, 3571, 3877, 3911,
4421, 4447, 4523, 4621, 4789, 4831, 5237, 5981, 6007, 6271, 6733, 6917,
7039, 7411, 7591, 7867, 8191, 8581, 8741, 8779, 8893, 8971, 9109, 9283,
9661, 10627, 10711, 10949, 11731, 11971, 12541, 13567, 14821, 15733,
16381, 16831, 17291, 19381, 19891, 20021, 20333, 20749, 21319, 23563,
25117, 25741, 27847, 28843, 29173, 29717, 30941, 31123, 35531, 36037,
36709, 38039, 40699, 43759, 43891, 45541, 46411, 48907, 51613, 51871,
58787, 62791, 70381, 72931, 75583, 77419, 78541, 87517, 91771, 97813,
98533, 102103, 102259, 106261, 106591, 111827, 113621, 117811, 131671,
133723, 134597, 135661, 138139, 145861, 163021, 173053, 180181, 197341,
204517, 213181, 235621, 251941, 258061, 276277, 296011, 304981, 318781,
336491, 342343, 355811, 377911, 406981, 426973, 432631, 445741, 461891,
489061, 520031, 541927, 550621, 554269, 602141, 612613, 624037, 668611,
749893, 774181, 782783, 828829, 865261, 895357, 914941, 1058149,
1118261, 1193011, 1381381, 1431613, 1492261, 1806421, 1872109, 2134861,
2238391, 2348347, 2624623, 2645371, 2704157, 2771341, 2897311, 3233231,
3354781, 3749461, 4157011, 4476781, 5624191, 6404581, 7045039, 7158061,
8112469, 13123111, 17160991, 40562341, 121687021]

225: [29, 31, 37, 43, 47, 53, 61, 67, 71, 79, 103, 127, 131, 139, 157, 181,
191, 199, 211, 229, 239, 277, 307, 331, 397, 419, 421, 443, 461, 547,
571, 599, 613, 631, 647, 661, 691, 829, 859, 911, 967, 991, 1021, 1093,
1123, 1171, 1327, 1381, 1429, 1483, 1531, 1597, 1871, 1933, 2003, 2143,
2311, 2341, 2347, 2381, 2531, 2731, 2861, 2927, 3037, 3061, 3221, 3571,
3877, 3911, 4421, 4447, 4523, 4621, 4789, 4831, 5237, 5981, 6007, 6271,
6733, 6917, 7039, 7411, 7591, 7867, 8191, 8741, 8779, 8971, 9109, 9661,
10627, 10711, 10949, 11731, 11971, 12541, 13567, 14821, 15733, 16381,
16831, 17291, 19381, 19891, 20021, 20333, 20749, 21319, 23563, 25117,
25741, 27847, 28843, 29173, 30941, 31123, 35531, 36037, 36709, 38039,
40699, 43759, 43891, 45541, 46411, 48907, 51613, 51871, 58787, 62791,
70381, 72931, 75583, 77419, 78541, 87517, 91771, 92821, 97813, 98533,
102103, 102259, 106261, 106591, 111827, 113621, 117811, 131671, 133723,
134597, 135661, 138139, 145861, 163021, 173053, 180181, 197341, 204517,
213181, 235621, 251941, 258061, 276277, 296011, 304981, 318781, 336491,
342343, 355811, 377911, 406981, 426973, 432631, 445741, 461891, 489061,
520031, 541927, 550621, 554269, 602141, 612613, 624037, 668611, 749893,
774181, 782783, 828829, 865261, 895357, 903211, 914941, 1058149,
1118261, 1193011, 1381381, 1431613, 1492261, 1749749, 1806421, 1872109,
1939939, 2134861, 2238391, 2348347, 2624623, 2704157, 2771341, 2897311,
3233231, 3354781, 3749461, 4157011, 4476781, 5624191, 6404581, 7045039,
7158061, 8112469, 13123111, 17160991, 78738661, 121687021]

226: [19, 23, 29, 31, 37, 41, 43, 53, 61, 67, 71, 73, 79, 89, 101, 103, 127,
131, 137, 151, 157, 181, 197, 199, 211, 239, 281, 307, 313, 331, 397,
409, 421, 443, 463, 491, 521, 547, 601, 613, 617, 631, 661, 701, 859,
883, 911, 937, 953, 991, 1021, 1051, 1093, 1123, 1171, 1301, 1321, 1327,
1429, 1471, 1667, 1801, 1871, 1951, 2003, 2143, 2311, 2341, 2381, 2521,
2549, 2551, 2731, 2857, 2861, 3061, 3301, 3433, 3571, 3823, 4201, 4421,
4621, 4951, 4999, 5101, 5237, 5851, 5881, 6007, 6121, 6301, 6469, 6553,
6733, 7151, 7351, 7481, 8009, 8191, 8581, 8821, 9241, 9283, 9901, 10711,
10781, 11467, 11551, 11701, 12377, 12601, 15289, 15401, 15913, 16381,
16661, 16831, 17851, 18701, 19801, 19993, 20021, 22051, 22441, 23563,
23801, 25741, 26951, 27847, 28051, 29173, 29401, 29989, 30941, 32341,
33151, 34651, 36037, 36653, 41651, 42043, 42841, 42901, 43759, 44101,
44201, 46411, 50051, 51481, 53551, 54601, 54979, 56101, 57331, 66301,
72073, 76441, 77351, 78541, 79561, 81901, 87517, 91631, 92821, 97021,
97241, 99961, 102103, 107101, 114661, 117811, 120121, 124951, 126127,
150151, 157081, 166601, 180181, 185641, 198901, 200201, 229321, 232051,
235621, 242551, 243101, 252253, 257401, 286651, 291721, 299881, 300301,
324871, 350351, 420421, 450451, 471241, 476477, 485101, 499801, 600601,
612613, 680681, 729301, 749701, 824671, 840841, 970201, 1093951,
1178101, 1191191, 1261261, 1458601, 1624351, 1649341, 2144143, 2187901,
3248701, 3298681, 4873051, 5105101, 8576569, 10720711, 21441421,
42882841]

227: [19, 23, 29, 31, 37, 41, 43, 53, 61, 67, 71, 73, 79, 89, 101, 103, 127,
131, 137, 151, 157, 181, 197, 199, 211, 239, 281, 307, 313, 331, 397,
409, 421, 443, 463, 491, 521, 601, 613, 617, 631, 661, 701, 859, 883,
911, 937, 953, 991, 1093, 1171, 1301, 1321, 1327, 1429, 1471, 1531,
1667, 1801, 1871, 1951, 2003, 2143, 2311, 2381, 2521, 2549, 2551, 2731,
2857, 2861, 3061, 3301, 3433, 3529, 3571, 3823, 3851, 4201, 4421, 4621,
4951, 5101, 5237, 5851, 5881, 6007, 6121, 6301, 6469, 6553, 6733, 7151,
7351, 7481, 8009, 8191, 8581, 8821, 9241, 9283, 9901, 10711, 10781,
11467, 11551, 11701, 12377, 12601, 14281, 15289, 15401, 15913, 16381,
16661, 16831, 17851, 18701, 19801, 19891, 19993, 20021, 22051, 22441,
23563, 23801, 25741, 26951, 27847, 28051, 29173, 29989, 30941, 32341,
33151, 36037, 36653, 41651, 42043, 42841, 43759, 44101, 44201, 46411,
50051, 51481, 52361, 53551, 54601, 54979, 56101, 57331, 66301, 72073,
72931, 76441, 77351, 78541, 79561, 87517, 91631, 92821, 97021, 97241,
99961, 102103, 107101, 114661, 117811, 120121, 124951, 126127, 145861,
150151, 157081, 166601, 180181, 185641, 198901, 200201, 229321, 232051,
235621, 242551, 243101, 252253, 257401, 286651, 291721, 299881, 300301,
324871, 350351, 366521, 420421, 450451, 471241, 476477, 485101, 499801,
600601, 612613, 680681, 729301, 749701, 824671, 840841, 970201, 1051051,
1093951, 1178101, 1191191, 1261261, 1401401, 1458601, 1624351, 1649341,
2144143, 2187901, 3248701, 3298681, 4873051, 5105101, 8576569, 10720711,
21441421, 42882841]

228: [19,29,31,37,41,43,53,61,67,71,73,79,89,101,103,113,131,137,151,157,181,199,211,239,241,281,307,331,3
37,353,401,409,421,443,463,521,547,601,613,631,661,673,701,911,937,953,1021,1051,1093,1123,1171,1201,1249,
1301,1321,1327,1361,1429,1531,1801,1871,1951,2003,2017,2081,2143,2311,2341,2381,2521,2551,2731,2857,2861,3
061,3121,3301,3361,3433,3571,3697,3851,4421,4621,4951,5101,5237,5281,5851,6007,6121,6301,6553,6733,7151,74
81,8009,8161,8191,8581,8737,9241,9283,9521,9901,10711,11551,11701,12241,12377,12601,13729,14281,14561,1540
1,15601,16381,17137,17681,17851,18481,18701,19801,19891,20021,20593,21841,22441,23563,23801,24481,25741,26
209,27847,28051,29173,29921,30941,33151,34273,34651,36037,40801,42841,42901,43759,46411,48049,50051,51481,
52361,53551,53857,54601,55441,56101,63649,65521,66301,72073,72931,74257,77351,78541,79201,79561,81901,8751
7,92401,92821,96097,97241,102103,107101,109201,110881,116689,117811,120121,131041,145861,150151,157081,180
181,198901,200201,209441,218401,224401,232051,243101,257401,269281,291721,300301,314161,371281,388961,4284
01,445537,448801,450451,471241,530401,600601,612613,673201,680681,700129,729301,795601,800801,816817,10296
01,1093951,1178101,1201201,1458601,1633633,2187901,2402401,3712801,4084081,5105101,5834401,6806801,8168161
,17503201]

229: [19, 23, 29, 31, 37, 41, 43, 53, 61, 67, 71, 73, 79, 89, 97, 101, 103,
113, 127, 131, 151, 157, 181, 199, 211, 239, 241, 281, 307, 331, 337,
353, 397, 401, 409, 421, 443, 463, 521, 547, 601, 613, 617, 631, 661,
673, 701, 881, 911, 937, 953, 1009, 1021, 1051, 1093, 1123, 1171, 1201,
1249, 1321, 1361, 1429, 1531, 1801, 1871, 1873, 1951, 2017, 2081, 2143,
2311, 2341, 2381, 2551, 2731, 2801, 2857, 2861, 3061, 3121, 3169, 3301,
3361, 3571, 3697, 3851, 4201, 4621, 4951, 5101, 5237, 5281, 5851, 6007,
6121, 6553, 6733, 7151, 7393, 7481, 8009, 8161, 8191, 8581, 8737, 9241,
9283, 9521, 9901, 10711, 11701, 12241, 12377, 12601, 13729, 14561,
15401, 15601, 16831, 17137, 17681, 17851, 18481, 18701, 19801, 19891,
20021, 20593, 21841, 23563, 23801, 24481, 25741, 26209, 27847, 29173,
29921, 30941, 33151, 34273, 34651, 36037, 40801, 42841, 42901, 43759,
44201, 46411, 48049, 50051, 51481, 52361, 53857, 54601, 55441, 56101,
63649, 65521, 66301, 72073, 72931, 74257, 77351, 78541, 79201, 79561,
81901, 87517, 92401, 92821, 93601, 96097, 97241, 102103, 107101, 109201,
110881, 116689, 117811, 120121, 122401, 131041, 145861, 148513, 150151,
157081, 180181, 198901, 209441, 218401, 224401, 232051, 235621, 243101,
257401, 269281, 291721, 300301, 314161, 371281, 388961, 428401, 445537,
448801, 450451, 471241, 530401, 600601, 612613, 673201, 680681, 700129,
729301, 795601, 800801, 816817, 1029601, 1093951, 1178101, 1201201,
1633633, 2187901, 2402401, 4084081, 5105101, 5834401, 6806801, 8168161,
17503201]

230: [19, 23, 29, 31, 37, 41, 43, 53, 61, 67, 71, 73, 79, 89, 97, 101, 103,
127, 131, 137, 151, 157, 181, 199, 211, 239, 241, 281, 307, 313, 331,
353, 397, 401, 409, 421, 443, 463, 521, 547, 601, 613, 617, 631, 661,
673, 701, 859, 881, 911, 937, 953, 991, 1009, 1021, 1051, 1093, 1171,
1249, 1301, 1321, 1327, 1361, 1429, 1531, 1871, 1873, 1951, 2003, 2017,
2081, 2143, 2381, 2521, 2551, 2731, 2801, 2857, 2861, 3061, 3121, 3169,
3301, 3361, 3433, 3571, 3697, 3851, 4201, 4421, 4621, 4951, 5237, 5281,
5851, 6007, 6121, 6301, 6553, 6733, 7151, 7393, 7481, 8009, 8161, 8191,
8581, 8737, 9283, 9521, 10711, 11701, 12241, 12377, 12601, 14281, 14561,
15913, 16381, 17137, 17681, 17851, 18481, 18701, 19801, 19891, 20021,
20593, 21841, 22441, 23563, 23801, 24481, 25741, 27847, 28051, 29173,
29921, 30941, 33151, 34273, 36037, 40801, 42841, 42901, 43759, 44201,
46411, 48049, 50051, 51481, 52361, 53551, 53857, 54601, 55441, 56101,
63649, 65521, 66301, 72073, 72931, 74257, 77351, 78541, 79201, 79561,
81901, 87517, 92401, 92821, 93601, 96097, 102103, 107101, 109201,
110881, 116689, 117811, 120121, 122401, 131041, 145861, 148513, 150151,
157081, 180181, 185641, 198901, 200201, 209441, 218401, 224401, 232051,
235621, 243101, 257401, 269281, 291721, 300301, 314161, 371281, 388961,
428401, 448801, 450451, 530401, 600601, 612613, 673201, 680681, 700129,
729301, 795601, 800801, 816817, 1093951, 1178101, 1458601, 1633633,
2187901, 2402401, 3141601, 3712801, 4084081, 5105101, 5834401, 6806801,
8168161, 17503201]

231: [19, 23, 29, 31, 37, 41, 43, 53, 67, 71, 73, 79, 89, 97, 101, 103, 113,
127, 131, 137, 151, 157, 181, 199, 211, 239, 241, 281, 307, 313, 331,
337, 353, 397, 401, 409, 421, 443, 463, 521, 547, 601, 613, 617, 631,
661, 673, 701, 859, 881, 937, 953, 991, 1009, 1021, 1051, 1093, 1171,
1201, 1249, 1301, 1321, 1327, 1361, 1531, 1801, 1871, 1873, 1951, 2003,
2017, 2081, 2143, 2311, 2341, 2521, 2551, 2731, 2801, 2857, 2861, 3061,
3121, 3169, 3301, 3361, 3433, 3697, 3851, 4201, 4621, 4951, 5101, 5237,
5281, 5851, 6007, 6121, 6301, 6553, 6733, 7151, 7393, 7481, 8009, 8161,
8191, 8581, 9241, 9283, 9521, 9901, 10711, 11551, 11701, 12241, 12377,
13729, 14281, 14561, 15401, 15601, 15913, 16381, 17137, 17681, 17851,
18481, 18701, 19801, 19891, 20021, 20593, 23563, 23801, 24481, 25741,
27847, 28051, 29173, 29921, 33151, 34273, 34651, 36037, 40801, 42841,
42901, 43759, 44201, 46411, 48049, 50051, 51481, 53551, 53857, 54601,
55441, 56101, 63649, 65521, 66301, 72073, 72931, 74257, 77351, 79201,
79561, 81901, 87517, 92401, 92821, 93601, 96097, 97241, 109201, 110881,
116689, 117811, 120121, 122401, 145861, 148513, 150151, 157081, 180181,
185641, 198901, 200201, 209441, 218401, 224401, 232051, 235621, 243101,
257401, 269281, 291721, 300301, 314161, 371281, 388961, 428401, 445537,
448801, 450451, 471241, 530401, 600601, 612613, 673201, 680681, 700129,
729301, 795601, 800801, 1029601, 1093951, 1178101, 1201201, 1458601,
1633633, 2187901, 2402401, 3141601, 3712801, 4084081, 5105101, 6806801,
8168161, 17503201]

232: [19, 23, 29, 31, 37, 41, 43, 53, 61, 67, 71, 73, 79, 89, 97, 103, 109,
113, 127, 131, 137, 157, 199, 211, 239, 241, 271, 281, 307, 313, 331,
337, 353, 379, 397, 409, 421, 433, 443, 463, 521, 541, 547, 613, 617,
631, 661, 673, 757, 859, 881, 911, 919, 937, 953, 991, 1009, 1021, 1093,
1123, 1171, 1249, 1321, 1327, 1361, 1429, 1531, 1871, 1873, 2003, 2017,
2081, 2143, 2161, 2311, 2341, 2377, 2381, 2731, 2857, 2861, 2971, 3061,
3121, 3169, 3361, 3433, 3511, 3673, 3697, 4159, 4421, 4591, 4621, 5237,
5281, 6007, 6121, 6427, 6553, 6733, 7481, 7561, 7723, 8009, 8161, 8191,
8317, 8581, 8737, 9181, 9241, 9283, 9521, 9829, 10099, 10711, 12241,
12377, 12853, 13729, 14281, 14561, 15121, 16381, 16633, 16831, 17137,
17681, 18481, 19891, 20021, 20593, 21841, 22441, 23563, 23761, 23869,
24481, 24571, 25741, 26209, 27847, 28081, 29173, 29921, 30241, 30941,
34273, 36037, 36721, 38611, 39313, 42841, 43759, 46411, 47521, 47737,
48049, 51481, 52361, 53857, 55441, 59671, 63649, 65521, 66529, 72073,
72931, 74257, 78541, 79561, 87517, 92821, 96097, 97241, 100981, 102103,
108109, 110881, 116689, 117811, 120121, 123553, 128521, 131041, 145861,
148513, 157081, 161569, 167077, 180181, 185641, 196561, 201961, 209441,
216217, 235621, 238681, 269281, 270271, 291721, 314161, 332641, 371281,
388961, 393121, 417691, 432433, 445537, 471241, 477361, 514081, 540541,
565489, 612613, 617761, 656371, 680681, 700129, 816817, 1633633,
1670761, 1837837, 2625481, 4084081, 4324321, 5250961, 5654881, 8168161,
9189181, 10501921]

233: [19, 23, 29, 31, 37, 41, 43, 53, 61, 67, 71, 73, 79, 89, 97, 101, 113,
127, 131, 137, 151, 157, 181, 199, 211, 239, 241, 281, 307, 331, 337,
353, 397, 401, 409, 421, 521, 547, 601, 613, 617, 631, 661, 673, 701,
859, 881, 911, 937, 953, 1009, 1021, 1051, 1093, 1123, 1171, 1201, 1249,
1301, 1321, 1327, 1361, 1429, 1531, 1801, 1871, 1873, 1951, 2003, 2017,
2081, 2143, 2311, 2341, 2381, 2521, 2551, 2731, 2801, 2857, 2861, 3061,
3121, 3169, 3301, 3361, 3433, 3571, 3697, 3851, 4201, 4421, 4621, 4951,
5101, 5237, 5281, 5851, 6007, 6553, 6733, 7393, 7481, 8009, 8161, 8191,
8581, 8737, 9283, 9521, 9901, 10711, 11551, 11701, 12241, 12377, 13729,
14281, 14561, 15401, 15913, 16381, 16831, 17137, 17681, 17851, 18481,
18701, 19801, 19891, 20021, 20593, 21841, 22441, 23563, 23801, 24481,
25741, 26209, 27847, 28051, 29173, 29921, 30941, 33151, 34273, 34651,
36037, 40801, 42841, 42901, 43759, 44201, 46411, 48049, 50051, 51481,
52361, 53857, 54601, 55441, 56101, 63649, 65521, 66301, 72073, 72931,
74257, 77351, 79201, 81901, 87517, 92401, 92821, 93601, 96097, 97241,
102103, 107101, 109201, 110881, 116689, 117811, 120121, 122401, 131041,
145861, 148513, 157081, 180181, 185641, 198901, 209441, 218401, 224401,
232051, 235621, 243101, 257401, 269281, 291721, 300301, 371281, 388961,
428401, 445537, 448801, 450451, 471241, 530401, 600601, 612613, 673201,
680681, 700129, 729301, 795601, 800801, 816817, 1029601, 1093951,
1178101, 1201201, 1458601, 1633633, 2187901, 3141601, 3712801, 5105101,
5834401, 6806801, 8168161, 17503201]

234: [19, 23, 29, 31, 37, 41, 43, 53, 61, 67, 71, 73, 79, 97, 101, 103, 113,
131, 137, 151, 157, 181, 199, 211, 239, 241, 281, 307, 313, 331, 337,
353, 397, 401, 409, 421, 443, 463, 521, 547, 601, 613, 617, 631, 661,
673, 701, 859, 881, 911, 937, 953, 991, 1021, 1051, 1123, 1171, 1201,
1249, 1301, 1321, 1361, 1429, 1531, 1801, 1871, 1873, 1951, 2003, 2017,
2081, 2143, 2311, 2341, 2521, 2551, 2731, 2801, 2857, 2861, 3061, 3121,
3169, 3301, 3361, 3433, 3571, 3697, 3851, 4201, 4421, 4621, 4951, 5101,
5281, 5851, 6007, 6121, 6301, 6553, 6733, 7151, 7393, 7481, 8009, 8161,
8191, 8737, 9241, 9283, 9521, 9901, 10711, 11551, 11701, 12241, 12377,
14281, 14561, 15401, 15601, 15913, 16381, 16831, 17137, 17681, 17851,
18481, 18701, 19801, 19891, 20021, 20593, 21841, 22441, 23563, 23801,
24481, 25741, 26209, 27847, 28051, 29173, 29921, 30941, 33151, 34273,
34651, 36037, 40801, 42901, 43759, 44201, 48049, 50051, 51481, 52361,
53551, 53857, 54601, 55441, 56101, 63649, 65521, 72073, 72931, 74257,
77351, 78541, 79201, 79561, 81901, 87517, 92821, 96097, 97241, 102103,
107101, 109201, 110881, 116689, 117811, 120121, 122401, 131041, 145861,
148513, 150151, 157081, 180181, 185641, 198901, 200201, 209441, 218401,
224401, 232051, 235621, 243101, 269281, 291721, 300301, 314161, 371281,
388961, 428401, 445537, 448801, 450451, 471241, 530401, 600601, 612613,
673201, 680681, 700129, 729301, 795601, 800801, 816817, 1029601,
1093951, 1201201, 1458601, 1633633, 2187901, 2402401, 3141601, 3712801,
4084081, 5105101, 6806801, 8168161, 17503201]

235:

236:

237:

238:

239:

240:

241:

242:

243:

244:

245:

246:

247:

248:

249:

250:

