Carmichael Numbers with 5 to 80 prime factors
=============================================
5: [11, 13, 29, 43, 61]

6: [13, 29, 31, 41, 43, 61]

7: [23, 31, 61, 67, 71, 211, 2311]

8: [13, 23, 43, 61, 71, 211, 331, 463]

9: [13, 29, 31, 43, 61, 71, 331, 421, 661]

10: [67, 131, 2731, 43, 79, 211, 6007, 331, 859, 2003]

11: [2311, 67, 131, 71, 43, 911, 547, 211, 331, 2003, 31]

12: [61, 67, 421, 43, 4621, 13, 181, 23, 331, 991, 29, 31]

13: [331, 37, 199, 43, 4621, 61, 661, 23, 631, 127, 991, 29, 31]

14: [67, 8581, 71, 43, 2861, 911, 6007, 211, 23, 331, 2731, 157, 1093, 31]

15: [131, 6007, 2311, 43, 2861, 79, 331, 211, 20021, 23, 71, 463, 157, 2003, 31]

16: [859, 67, 547, 8581, 211, 20021, 331, 2861, 157, 131, 661, 6007, 2003, 463, 2731, 29, 1093, 53]

17: [859, 67, 547, 8581, 211, 20021, 331, 2861, 157, 131, 661, 6007, 2003,
463, 2731, 29, 1093, 53]

18: [859, 67, 547, 8581, 211, 20021, 331, 2861, 157, 131, 661, 6007, 2003,
463, 2731, 29, 1093, 53]

19: [859, 67, 2861, 2311, 20021, 43, 4621, 911, 157, 211, 53, 463, 23,
6007, 79, 2731, 29, 1093, 31]

20: [61, 547, 421, 211, 2311, 43, 4621, 911, 157, 67, 53, 463, 6007, 2731,
331, 79, 2861, 29, 1093, 31]

21:[67, 131, 8581, 211, 2311, 859, 43, 911, 331, 6007, 547, 661, 463, 23,
2003, 71, 79, 2731, 29, 1093, 421]

22: [131, 8581, 2311, 4621, 911, 661, 23, 157, 31, 421, 2731, 2861, 29, 53,
61, 1093, 71, 331, 79, 2003, 859, 6007]

23: [131, 8581, 2311, 4621, 661, 157, 31, 547, 421, 43, 2861, 29, 53, 61,
67, 71, 331, 463, 211, 859, 2731, 2003, 6007]

24: [131, 8581, 2311, 4621, 911, 661, 157, 31, 547, 43, 2861, 29, 20021,
61, 53, 67, 1093, 71, 331, 211, 859, 2731, 2003, 6007]

25: [13, 17, 23, 31, 41, 43, 67, 89, 211, 241, 331, 337, 421, 449, 463,
617, 661, 2311, 3361, 3697, 4621, 5281, 7393, 9241, 18481]

26: [13, 17, 23, 31, 71, 97, 113, 193, 211, 241, 331, 337, 353, 421, 449,
617, 661, 673, 881, 1321, 2113, 2311, 3361, 3697, 4621, 9241]

27: [13, 17, 31, 41, 43, 71, 89, 97, 113, 193, 211, 241, 337, 353, 449,
463, 617, 673, 1321, 2113, 2311, 3361, 3697, 4621, 7393, 9241, 18481]

28: [13, 17, 31, 41, 43, 61, 67, 71, 89, 97, 113, 193, 211, 241, 281, 331,
421, 449, 463, 617, 673, 2113, 2311, 4621, 5281, 7393, 9241, 18481]

29: [17, 23, 31, 41, 43, 61, 67, 89, 257, 281, 337, 353, 449, 463, 617,
641, 673, 769, 881, 1409, 2113, 2311, 3697, 4621, 7393, 9241, 9857,
14081, 21121]

30: [131, 72073, 631, 397, 19, 661, 9241, 6553, 29, 31, 2341, 41, 2861,
157, 181, 313, 51481, 53, 1321, 67, 36037, 199, 8009, 79, 331, 25741,
211, 120121, 2521, 859, 421, 3433, 937, 1171, 20021, 89, 6007, 127,
16381, 8191]

31 : [131, 2311, 521, 4621, 911, 661, 23, 9241, 29, 31, 547, 421, 41, 2861,
157, 53, 313, 61, 20021, 67, 1093, 8009, 79, 463, 211, 89, 859, 617,
2003, 1321, 281]

32: [13, 17, 31, 41, 61, 97, 113, 211, 241, 257, 331, 421, 449, 617, 641,
661, 881, 2113, 2311, 2689, 3361, 3697, 4481, 5281, 7393, 9241, 9857,
14081, 21121, 26881, 29569, 98561]

33: [13, 23, 29, 31, 43, 61, 67, 71, 97, 113, 257, 281, 331, 337, 421, 463,
617, 641, 661, 673, 769, 881, 1321, 1409, 2311, 2689, 4481, 5281, 9857,
13441, 14081, 26881, 98561]

34: [13, 31, 41, 43, 61, 67, 89, 113, 211, 241, 257, 281, 331, 337, 353,
463, 641, 673, 769, 881, 1321, 1409, 2689, 3361, 3697, 4481, 5281, 7393,
9241, 9857, 13441, 14081, 21121, 29569]

35: [13, 17, 23, 29, 31, 41, 43, 71, 89, 97, 193, 211, 241, 257, 421, 463,
617, 641, 661, 673, 769, 881, 2113, 2689, 3361, 3697, 4481, 7393, 9241,
9857, 13441, 14081, 21121, 29569, 98561]

36: [13, 23, 29, 31, 43, 67, 71, 89, 97, 193, 211, 241, 257, 281, 331, 337,
449, 463, 617, 641, 661, 673, 881, 2113, 2689, 3361, 3697, 4481, 4621,
5281, 9857, 13441, 14081, 21121, 26881, 98561]

37: [13, 31, 43, 61, 67, 71, 89, 97, 113, 193, 211, 241, 257, 281, 353,
421, 641, 661, 769, 881, 1321, 1409, 2113, 2311, 2689, 3697, 4481, 4621,
5281, 7393, 9857, 13441, 14081, 18481, 21121, 26881, 29569]

38: [13, 17, 23, 29, 31, 41, 43, 61, 71, 89, 113, 193, 211, 241, 257, 281,
331, 337, 353, 449, 463, 661, 769, 881, 1409, 2311, 2689, 3697, 4481,
4621, 7393, 9241, 13441, 14081, 18481, 21121, 26881, 98561]

39: [13, 17, 29, 31, 41, 43, 61, 67, 71, 89, 97, 113, 193, 211, 241, 257,
281, 331, 337, 353, 449, 463, 617, 673, 769, 881, 1321, 1409, 2113,
2311, 3697, 4481, 4621, 7393, 9241, 13441, 14081, 21121, 98561]

40: [131, 72073, 631, 397, 19, 661, 9241, 6553, 29, 31, 2341, 41, 2861,
157, 181, 313, 51481, 53, 1321, 67, 36037, 199, 8009, 79, 331, 25741,
211, 120121]

41: [131, 8581, 2311, 521, 397, 19, 661, 23, 9241, 29, 31, 547, 2341, 2731,
2861, 181, 51481, 61, 1093, 53, 6553, 67, 36037, 71, 73, 79, 631, 4621,
2003, 463, 2521, 859, 991, 3433, 421, 1171, 89, 6007, 281, 16381, 127]

42: [131, 2311, 521, 397, 911, 9241, 661, 23, 6553, 29, 31, 41, 43, 2861,
157, 181, 73, 313, 61, 53, 67, 71, 8009, 631, 79, 211, 180181, 120121,
2521, 463, 991, 72073, 2731, 3433, 937, 1321, 89, 6007, 127, 16381,
2003, 8191]

43: [2731, 2311, 72073, 631, 397, 911, 19, 9241, 661, 23, 6553, 31, 547,
2341, 937, 43, 181, 313, 51481, 61, 1093, 20021, 67, 36037, 71, 73, 79,
331, 25741, 2003, 180181, 120121, 2521, 859, 37, 199, 991, 421, 6007,
127, 281, 1321, 8191]

44: [131, 8581, 2311, 72073, 631, 397, 911, 661, 23, 9241, 4621, 157, 31,
547, 37, 41, 43, 181, 120121, 51481, 53, 6553, 67, 1093, 71, 8009, 79,
331, 25741, 211, 180181, 463, 2521, 859, 199, 991, 2731, 3433, 937,
1321, 6007, 281, 16381, 127]

45: [131, 2311, 521, 631, 397, 19, 23, 281, 29, 31, 547, 2341, 41, 199,
2861, 25741, 181, 73, 313, 991, 51481, 61, 53, 67, 71, 8009, 331, 4621,
2003, 463, 89, 859, 37, 72073, 3433, 2731, 617, 421, 937, 1171, 20021,
6007, 127, 16381, 8191]

46: [131, 8581, 2311, 521, 397, 911, 19, 661, 23, 281, 29, 31, 37, 41, 43,
2861, 157, 181, 73, 313, 2341, 53, 67, 36037, 71, 8009, 79, 631, 4621,
211, 463, 120121, 2521, 859, 51481, 199, 991, 617, 937, 1321, 89, 6007,
127, 16381, 2003, 8191]

47: [131, 8581, 2311, 521, 631, 397, 911, 19, 23, 9241, 29, 1093, 547, 37,
41, 43, 2861, 73, 313, 51481, 61, 6553, 1321, 67, 36037, 71, 8009, 331,
4621, 211, 180181, 463, 120121, 2521, 79, 199, 991, 2731, 617, 3433,
937, 1171, 89, 6007, 281, 16381, 8191]

48: [131, 2311, 521, 631, 4621, 19, 661, 23, 9241, 29, 31, 547, 37, 41, 43,
2861, 157, 181, 73, 313, 51481, 61, 53, 6553, 67, 71, 8009, 79, 331,
25741, 211, 180181, 463, 89, 859, 199, 991, 72073, 3433, 2731, 617, 421,
1171, 6007, 127, 281, 1321, 8191]

49: [131, 8581, 2311, 521, 631, 397, 911, 23, 6553, 4621, 31, 547, 37, 41,
43, 2861, 181, 73, 313, 51481, 61, 1093, 53, 67, 36037, 71, 8009, 331,
25741, 211, 180181, 463, 120121, 2521, 859, 199, 991, 72073, 3433, 2731,
421, 937, 1321, 20021, 89, 6007, 16381, 2003, 8191]

50: [131, 8581, 2311, 72073, 631, 397, 911, 19, 661, 23, 9241, 4621, 157,
31, 547, 37, 937, 43, 2861, 181, 73, 313, 2341, 61, 53, 67, 1093, 71,
8009, 79, 331, 25741, 211, 180181, 463, 120121, 2521, 859, 199, 991,
3433, 421, 1321, 20021, 6007, 127, 281, 16381, 2003, 8191]

51: [17, 23, 29, 31, 41, 43, 53, 61, 67, 71, 89, 97, 113, 131, 157, 211,
281, 313, 331, 337, 421, 463, 521, 547, 617, 661, 673, 859, 881, 911,
1093, 1249, 1321, 2003, 2311, 2731, 2861, 3121, 3361, 3433, 4621, 5281,
6007, 7393, 8581, 13729, 14561, 18481, 20021, 21841, 96097]

52: [23, 29, 31, 43, 53, 61, 67, 79, 89, 97, 113, 131, 157, 211, 241, 313,
331, 337, 353, 421, 463, 521, 547, 661, 673, 859, 911, 1093, 1249, 1321,
2003, 2081, 2311, 2731, 3121, 3361, 3433, 5281, 6007, 7393, 8009, 8581,
8737, 9241, 13729, 14561, 18481, 20021, 21841, 48049, 96097, 120121]

53: [17, 23, 29, 31, 41, 53, 61, 67, 71, 79, 97, 113, 157, 211, 241, 313,
331, 337, 421, 463, 521, 547, 617, 661, 673, 859, 881, 1093, 1249, 1321,
2003, 2081, 2311, 2731, 2861, 3121, 3361, 3697, 4621, 5281, 6007, 7393,
8009, 8581, 8737, 9241, 13729, 14561, 20021, 21841, 48049, 96097,
120121]

54: [17, 23, 29, 31, 43, 53, 61, 67, 71, 79, 89, 97, 113, 211, 241, 313,
331, 337, 353, 421, 463, 521, 547, 617, 661, 673, 859, 881, 911, 1093,
1249, 1321, 2003, 2081, 2311, 2731, 2861, 3121, 3361, 3433, 3697, 4621,
5281, 6007, 7393, 8737, 9241, 13729, 14561, 18481, 21841, 48049, 96097,
120121]

55: [29, 31, 41, 53, 61, 67, 71, 103, 131, 137, 211, 239, 281, 313, 331,
409, 421, 443, 463, 521, 547, 617, 661, 911, 953, 1021, 1093, 1321,
1327, 1429, 2003, 2311, 2381, 2731, 2857, 2861, 3571, 4421, 4621, 5237,
6007, 7481, 8581, 14281, 20021, 22441, 30941, 46411, 52361, 72931,
78541, 97241, 120121, 157081, 680681]

56: [23, 29, 31, 43, 53, 61, 67, 71, 79, 89, 103, 157, 211, 239, 281, 409,
421, 443, 463, 547, 859, 911, 953, 1021, 1123, 1321, 1327, 1429, 1871,
2003, 2731, 2857, 2861, 3571, 4421, 4621, 5237, 7481, 8009, 8581, 9241,
9283, 12377, 14281, 20021, 22441, 30941, 46411, 72931, 97241, 102103,
145861, 157081, 185641, 291721, 680681]

57: [23, 29, 31, 41, 53, 61, 67, 71, 89, 131, 211, 239, 281, 331, 409, 421,
443, 463, 521, 617, 859, 953, 1021, 1321, 1327, 1429, 1871, 2003, 2381,
2731, 2857, 2861, 3433, 4421, 4621, 5237, 6007, 7481, 8009, 9241, 9283,
12377, 14281, 20021, 22441, 46411, 52361, 72931, 78541, 92821, 97241,
102103, 120121, 145861, 157081, 291721, 680681]

58: [23, 29, 31, 41, 53, 67, 79, 89, 103, 131, 137, 157, 211, 239, 281,
331, 463, 521, 547, 617, 661, 859, 911, 1021, 1093, 1123, 1327, 1429,
1871, 2003, 2311, 2381, 2731, 2861, 3433, 3571, 4421, 6007, 8009, 8581,
9241, 12377, 14281, 20021, 29173, 30941, 46411, 52361, 72931, 78541,
97241, 102103, 120121, 145861, 157081, 185641, 291721, 680681]

59: [23, 29, 31, 43, 53, 61, 67, 71, 79, 89, 103, 131, 157, 211, 239, 281,
313, 409, 421, 521, 547, 617, 661, 911, 953, 1021, 1321, 1327, 1871,
2003, 2311, 2381, 2731, 2857, 2861, 3433, 4421, 4621, 5237, 6007, 7481,
8009, 8581, 12377, 20021, 29173, 30941, 46411, 52361, 72931, 78541,
92821, 97241, 120121, 145861, 157081, 185641, 291721, 680681]

60: [23, 29, 31, 41, 53, 61, 67, 89, 103, 131, 157, 211, 281, 313, 409,
421, 443, 617, 661, 859, 953, 1021, 1093, 1123, 1321, 1327, 1429, 1871,
2003, 2311, 2731, 2857, 2861, 3433, 3571, 4421, 4621, 5237, 6007, 8009,
8581, 9241, 9283, 12377, 14281, 20021, 22441, 30941, 46411, 52361,
72931, 78541, 92821, 97241, 102103, 120121, 157081, 185641, 291721,
680681]

61: [23, 31, 41, 43, 53, 61, 67, 79, 89, 103, 131, 137, 157, 211, 239, 281,
313, 331, 409, 421, 443, 463, 547, 617, 661, 859, 911, 1093, 1123, 1327,
1429, 1871, 2003, 2311, 2381, 2731, 2857, 2861, 3571, 4421, 4621, 5237,
7481, 9241, 9283, 12377, 14281, 20021, 29173, 46411, 52361, 72931,
78541, 92821, 102103, 120121, 145861, 157081, 185641, 291721, 680681]

62: [23, 29, 31, 43, 53, 67, 71, 131, 137, 211, 239, 281, 313, 331, 409,
421, 443, 463, 521, 547, 617, 859, 911, 953, 1021, 1093, 1123, 1321,
1327, 1429, 1871, 2003, 2311, 2381, 2731, 2857, 2861, 3571, 4421, 4621,
5237, 6007, 7481, 8009, 8581, 9241, 9283, 12377, 14281, 20021, 22441,
29173, 30941, 52361, 78541, 102103, 120121, 145861, 157081, 185641,
291721, 680681]

63: [17, 23, 29, 41, 43, 53, 67, 71, 79, 97, 113, 131, 157, 193, 211, 241,
281, 313, 331, 337, 353, 421, 463, 521, 641, 661, 859, 881, 911, 1249,
1409, 2003, 2081, 2689, 2731, 3121, 3361, 3433, 3697, 4481, 4621, 4993,
5281, 6007, 7393, 8009, 8581, 8737, 9241, 9857, 13441, 13729, 14561,
20021, 21121, 21841, 27457, 48049, 96097, 120121, 174721, 192193,
960961]

64: [17, 29, 31, 41, 43, 67, 71, 79, 89, 97, 113, 131, 157, 193, 211, 241,
281, 331, 421, 449, 463, 521, 547, 617, 641, 661, 673, 881, 911, 1249,
2003, 2081, 2113, 2311, 2689, 2731, 2861, 3121, 3433, 3697, 4481, 4621,
4993, 7393, 8009, 8581, 8737, 9241, 9857, 13441, 13729, 14561, 18481,
20021, 21121, 21841, 27457, 29569, 48049, 96097, 120121, 174721, 192193,
960961]

65: [17, 23, 29, 31, 43, 53, 61, 67, 79, 89, 97, 113, 131, 157, 193, 211,
241, 331, 421, 449, 463, 521, 547, 617, 641, 661, 673, 881, 911, 1249,
1321, 1409, 2003, 2081, 2113, 2311, 2689, 2861, 3121, 3361, 3697, 4481,
4621, 4993, 5281, 6007, 7393, 8009, 8737, 9241, 9857, 13441, 13729,
14561, 18481, 20021, 21121, 21841, 27457, 29569, 96097, 120121, 174721,
192193, 960961]

66: [17, 23, 29, 41, 43, 53, 61, 67, 71, 79, 89, 113, 131, 157, 211, 241,
281, 313, 331, 337, 421, 449, 463, 521, 547, 617, 641, 661, 673, 859,
881, 1093, 1249, 1321, 1409, 2003, 2081, 2113, 2689, 2731, 2861, 3121,
3361, 3433, 3697, 4481, 4621, 4993, 6007, 8009, 8581, 8737, 9241, 9857,
13441, 13729, 14561, 18481, 20021, 21841, 27457, 29569, 120121, 174721,
192193, 960961]

67: [17, 29, 31, 41, 53, 67, 71, 79, 89, 131, 157, 193, 211, 241, 281, 313,
331, 337, 353, 421, 463, 521, 617, 641, 661, 673, 859, 881, 911, 1093,
1249, 1321, 1409, 2081, 2113, 2311, 2689, 2731, 2861, 3121, 3361, 3433,
3697, 4481, 4621, 4993, 5281, 7393, 8009, 8581, 8737, 9241, 9857, 13441,
13729, 14561, 18481, 20021, 21841, 27457, 29569, 48049, 96097, 120121,
174721, 192193, 960961]

68: [17, 23, 29, 31, 53, 67, 71, 79, 89, 97, 113, 131, 193, 211, 241, 281,
313, 337, 353, 421, 449, 463, 521, 547, 617, 641, 661, 673, 859, 881,
911, 1093, 1321, 1409, 2081, 2113, 2311, 2689, 2731, 2861, 3361, 3433,
3697, 4481, 4621, 4993, 5281, 6007, 7393, 8009, 8737, 9241, 9857, 13441,
13729, 14561, 18481, 20021, 21121, 21841, 27457, 29569, 48049, 96097,
120121, 174721, 192193, 960961]

69: [17, 23, 29, 31, 41, 43, 53, 61, 67, 79, 97, 113, 131, 157, 193, 211,
241, 281, 313, 331, 337, 353, 421, 449, 463, 521, 547, 617, 641, 859,
881, 911, 1093, 1249, 1321, 1409, 2081, 2113, 2311, 2689, 2731, 2861,
3121, 3361, 3433, 3697, 4621, 4993, 5281, 7393, 8009, 8581, 8737, 9241,
9857, 13441, 13729, 14561, 20021, 21121, 21841, 27457, 29569, 48049,
96097, 120121, 174721, 192193, 960961]

70: [23, 29, 31, 41, 53, 61, 67, 71, 89, 97, 113, 131, 193, 211, 241, 281,
313, 337, 353, 421, 449, 463, 521, 547, 617, 641, 661, 673, 859, 881,
911, 1093, 1249, 1321, 1409, 2003, 2081, 2113, 2311, 2731, 2861, 3121,
3361, 3433, 3697, 4481, 4621, 4993, 5281, 6007, 7393, 8009, 8581, 8737,
9241, 9857, 13441, 13729, 14561, 18481, 21121, 21841, 27457, 29569,
48049, 96097, 120121, 174721, 192193, 960961]

71: [17, 23, 31, 41, 43, 67, 71, 79, 89, 97, 113, 131, 193, 241, 281, 313,
337, 353, 421, 449, 463, 521, 547, 617, 641, 661, 673, 859, 881, 911,
1093, 1249, 1321, 1409, 2003, 2311, 2689, 2861, 3121, 3361, 3433, 4481,
4993, 5281, 6007, 7393, 8009, 8581, 8737, 9241, 9857, 13441, 13729,
14081, 14561, 18481, 20021, 21841, 23297, 26881, 27457, 29569, 48049,
49921, 96097, 98561, 120121, 183041, 192193, 960961, 1281281]

72: [17, 23, 29, 31, 43, 61, 67, 71, 79, 97, 113, 131, 157, 193, 211, 241,
281, 313, 337, 353, 421, 449, 521, 547, 617, 641, 661, 673, 769, 859,
881, 911, 1093, 1249, 1409, 2003, 2081, 2113, 2311, 2689, 2731, 2861,
3121, 3329, 3361, 3433, 3697, 4481, 4621, 5281, 7393, 8009, 8581, 8737,
9241, 9857, 13441, 13729, 14081, 18481, 20021, 21121, 21841, 26881,
27457, 29569, 48049, 49921, 98561, 120121, 192193, 1281281]

73: [17, 23, 29, 31, 41, 43, 53, 61, 67, 71, 79, 89, 97, 131, 157, 193,
241, 257, 281, 313, 331, 337, 353, 421, 449, 463, 521, 547, 617, 641,
661, 673, 769, 859, 1093, 1249, 1321, 1409, 2003, 2081, 2113, 2689,
2731, 2861, 3121, 3329, 3433, 3697, 5281, 6007, 7393, 8581, 8737, 9241,
9857, 13729, 14081, 14561, 20021, 21121, 21841, 23297, 26881, 29569,
96097, 98561, 120121, 183041, 192193, 549121, 960961, 1281281, 1921921]

74: [17, 23, 29, 31, 41, 43, 53, 61, 67, 71, 79, 89, 97, 113, 193, 211,
257, 281, 313, 331, 337, 421, 449, 463, 521, 547, 617, 661, 673, 769,
859, 881, 911, 1093, 1321, 1409, 2003, 2081, 2113, 2311, 2689, 2731,
2861, 3433, 3697, 4481, 4621, 4993, 5281, 6007, 7393, 8009, 8581, 8737,
9241, 9857, 13441, 13729, 14561, 18481, 20021, 21121, 21841, 26881,
27457, 29569, 96097, 120121, 174721, 183041, 192193, 549121, 960961,
1281281]

75: [17, 23, 29, 31, 41, 43, 53, 61, 67, 71, 79, 89, 97, 113, 131, 157,
193, 211, 241, 257, 281, 337, 353, 449, 463, 521, 547, 617, 641, 661,
673, 769, 859, 881, 911, 1249, 1321, 1409, 2003, 2311, 2689, 2731, 2861,
3329, 3361, 3697, 4481, 4621, 4993, 5281, 6007, 7393, 8009, 8581, 8737,
9241, 13441, 13729, 14081, 14561, 18481, 21121, 23297, 26881, 27457,
29569, 49921, 96097, 98561, 174721, 183041, 192193, 549121, 960961,
1281281]

76: [17, 23, 31, 41, 43, 53, 61, 71, 79, 89, 97, 113, 131, 157, 193, 211,
241, 257, 313, 331, 337, 353, 421, 449, 463, 547, 617, 661, 673, 769,
859, 881, 1093, 1249, 1321, 1409, 2003, 2081, 2113, 2689, 2731, 2861,
3121, 3329, 3361, 3433, 3697, 4481, 4621, 4993, 5281, 6007, 7393, 8009,
8581, 8737, 9857, 14081, 14561, 18481, 20021, 21841, 23297, 26881,
27457, 29569, 49921, 96097, 98561, 120121, 174721, 183041, 192193,
960961, 1281281, 1921921]

77: [17, 23, 29, 31, 41, 53, 61, 67, 71, 79, 89, 131, 193, 211, 241, 257,
281, 313, 331, 353, 421, 449, 463, 521, 547, 617, 641, 661, 673, 769,
859, 881, 911, 1093, 1249, 1321, 1409, 2003, 2081, 2113, 2311, 2689,
2731, 3121, 3329, 3361, 3433, 3697, 4481, 4621, 4993, 5281, 6007, 7393,
8009, 8737, 9241, 9857, 13729, 14081, 14561, 18481, 20021, 21121, 21841,
23297, 26881, 27457, 48049, 96097, 174721, 183041, 192193, 549121,
960961, 1281281, 1921921]

78: [17, 29, 31, 41, 43, 53, 61, 67, 71, 89, 97, 113, 131, 157, 193, 211,
241, 257, 281, 313, 331, 337, 353, 449, 463, 521, 547, 641, 661, 673,
769, 859, 881, 1093, 1321, 1409, 2003, 2081, 2113, 2311, 2689, 2731,
2861, 3329, 3361, 3433, 3697, 4481, 4993, 5281, 6007, 7393, 8009, 8581,
8737, 9241, 9857, 13441, 14081, 14561, 18481, 20021, 21121, 21841,
23297, 26881, 27457, 29569, 48049, 49921, 98561, 174721, 183041, 192193,
549121, 960961, 1281281, 1921921]

79: [17, 23, 29, 31, 41, 43, 53, 61, 71, 79, 89, 97, 113, 131, 157, 193,
241, 257, 281, 313, 331, 337, 353, 421, 463, 521, 547, 617, 641, 661,
673, 769, 859, 881, 911, 1249, 1321, 1409, 2081, 2113, 2311, 2689, 2731,
2861, 3121, 3329, 3361, 3433, 3697, 4481, 4621, 5281, 6007, 7393, 8009,
8581, 8737, 9241, 9857, 13441, 13729, 14561, 18481, 20021, 21121, 21841,
23297, 26881, 27457, 29569, 48049, 49921, 96097, 98561, 120121, 183041,
549121, 960961, 1281281]

80: [17, 23, 31, 41, 43, 53, 61, 71, 79, 89, 97, 113, 131, 157, 193, 211,
241, 257, 281, 313, 331, 337, 353, 421, 449, 463, 521, 547, 617, 641,
661, 673, 769, 859, 881, 911, 1093, 1249, 1321, 2003, 2081, 2113, 2689,
2731, 2861, 3121, 3329, 3361, 3433, 4621, 4993, 5281, 7393, 8009, 8581,
8737, 9241, 9857, 13441, 13729, 14081, 14561, 18481, 20021, 21121,
21841, 23297, 26881, 27457, 29569, 48049, 96097, 98561, 120121, 174721,
183041, 192193, 549121, 1281281, 1921921]

