1154 : [19, 23, 29, 31, 37, 41, 43, 53, 61, 67, 71, 73, 79, 89, 97, 101, 103,
109, 113, 127, 131, 137, 151, 157, 181, 193, 197, 199, 211, 239, 241,
257, 271, 281, 307, 313, 331, 337, 353, 379, 397, 401, 409, 421, 433,
443, 449, 463, 491, 521, 541, 547, 577, 601, 613, 617, 631, 641, 661,
673, 701, 757, 769, 859, 881, 883, 911, 919, 937, 953, 991, 1009, 1021,
1051, 1093, 1123, 1153, 1171, 1201, 1249, 1301, 1321, 1327, 1361, 1409,
1429, 1471, 1531, 1601, 1667, 1801, 1871, 1873, 2003, 2017, 2081, 2113,
2143, 2161, 2311, 2341, 2377, 2381, 2521, 2549, 2551, 2647, 2689, 2731,
2801, 2857, 2861, 2971, 3061, 3121, 3137, 3169, 3301, 3329, 3361, 3433,
3457, 3511, 3529, 3571, 3673, 3697, 3823, 3851, 4159, 4201, 4421, 4481,
4591, 4621, 4801, 4951, 4993, 4999, 5101, 5237, 5281, 5441, 5851, 5881,
6007, 6121, 6301, 6337, 6427, 6469, 6529, 6553, 6733, 7057, 7151, 7351,
7393, 7481, 7489, 7561, 7681, 7723, 7841, 8009, 8161, 8191, 8317, 8581,
8641, 8737, 8821, 9181, 9241, 9283, 9521, 9601, 9829, 9857, 9901, 10099,
10193, 10711, 10753, 10781, 11467, 11551, 11701, 11969, 12097, 12241,
12289, 12377, 12601, 12853, 13313, 13441, 13729, 14081, 14281, 14401,
14561, 14851, 15121, 15233, 15289, 15361, 15401, 15601, 15913, 16381,
16633, 16661, 16831, 17137, 17551, 17681, 17851, 17921, 18433, 18481,
18701, 19009, 19801, 19891, 19993, 20021, 20161, 20593, 21121, 21169,
21601, 21841, 22051, 22441, 23041, 23297, 23563, 23761, 23869, 24481,
24571, 25601, 25741, 25873, 26113, 26209, 26881, 26951, 27457, 27847,
28051, 28081, 28289, 29173, 29401, 29569, 29921, 29989, 30241, 30577,
30941, 32257, 32341, 33151, 33601, 34273, 34651, 35201, 35281, 36037,
36653, 36721, 37441, 37633, 38611, 39313, 39937, 40801, 40961, 41651,
42043, 42337, 42433, 42841, 42901, 43201, 43759, 44101, 44201, 44983,
45697, 46411, 47041, 47521, 47737, 48049, 49921, 50051, 50177, 51481,
52361, 53551, 53857, 54401, 54601, 54979, 55441, 56101, 57331, 57601,
59671, 61153, 61441, 62401, 63361, 63649, 64513, 65521, 66301, 66529,
68993, 70201, 70687, 71809, 72073, 72931, 74257, 76441, 76801, 77351,
77617, 78401, 78541, 79201, 79561, 79873, 81901, 83777, 84481, 84673,
86017, 87041, 87517, 91393, 91631, 91801, 92401, 92821, 93601, 96097,
96769, 97021, 97241, 98561, 99961, 100801, 100981, 101377, 102103,
103951, 105601, 107101, 107713, 108109, 109201, 110881, 113153, 114661,
114689, 115201, 116689, 117811, 118273, 118801, 119809, 119953, 120121,
122401, 123553, 124951, 125441, 126127, 127297, 128521, 129361, 131041,
133121, 134401, 137089, 137593, 138241, 140401, 141121, 143617, 145531,
145601, 145861, 146609, 147457, 148513, 150151, 151201, 157081, 159937,
160651, 161281, 161569, 163841, 166601, 167077, 172801, 174721, 176401,
177409, 180181, 183041, 184321, 192193, 193051, 196561, 198017, 198901,
199921, 200201, 201961, 202753, 205633, 211681, 212161, 216217, 218401,
219649, 224401, 224911, 229321, 232051, 232961, 235009, 235621, 238681,
241921, 242551, 243101, 252253, 254593, 257401, 258721, 264601, 269281,
270271, 270337, 274177, 275969, 279553, 282241, 282881, 286651, 286721,
287233, 291721, 299521, 299881, 300301, 301057, 305761, 307201, 314161,
314497, 316801, 319489, 321301, 323137, 324871, 329473, 332641, 345601,
346529, 350351, 359041, 365569, 366521, 367201, 371281, 378379, 388081,
388961, 393121, 394241, 411841, 415801, 417691, 417793, 419329, 420421,
428401, 430081, 432433, 436801, 445537, 448801, 449821, 450451, 471241,
473089, 476477, 477361, 485101, 489217, 494803, 495041, 499801, 504901,
514081, 519793, 530401, 538561, 540541, 549121, 550369, 557057, 560561,
565489, 571201, 576577, 584767, 586433, 600601, 604801, 612613, 617761,
620929, 622337, 628993, 638977, 646273, 656371, 673201, 675841, 680681,
687961, 689921, 700129, 719713, 729301, 734401, 737281, 739201, 748801,
749701, 760321, 765953, 786241, 795601, 800801, 816817, 824671, 838657,
840841, 846721, 879649, 896897, 897601, 898561, 913921, 917281, 921601,
940801, 946177, 950401, 959617, 960961, 970201, 974849, 979201, 982801,
985601, 988417, 1005313, 1029601, 1032193, 1051051, 1075201, 1093951,
1103873, 1108801, 1124551, 1146881, 1153153, 1178101, 1191191, 1198081,
1199521, 1201201, 1253377, 1261261, 1272961, 1281281, 1375921, 1397761,
1401401, 1437697, 1455301, 1458601, 1468801, 1527553, 1597441, 1599361,
1624351, 1630721, 1633633, 1647361, 1649341, 1655809, 1670761, 1689601,
1693441, 1713601, 1719901, 1747201, 1795201, 1810433, 1830401, 1837837,
1843201, 1867009, 1881601, 1909441, 1921921, 1940401, 1979209, 2069761,
2079169, 2088451, 2116801, 2121601, 2144143, 2154241, 2187901, 2199121,
2236417, 2297857, 2345729, 2350081, 2399041, 2402401, 2437121, 2483713,
2513281, 2534401, 2570401, 2665601, 2673217, 2690689, 2692801, 2702701,
2715649, 2795521, 2800513, 2875393, 2878849, 2923831, 2937601, 3015937,
3088801, 3104641, 3133441, 3141601, 3144961, 3168257, 3194881, 3198721,
3248701, 3298681, 3394561, 3439801, 3465281, 3548161, 3612673, 3655681,
3686401, 3712801, 3725569, 3843841, 3870721, 3880801, 3942401, 3993601,
4021249, 4084081, 4158337, 4200769, 4233601, 4264961, 4300801, 4308481,
4324321, 4356353, 4398241, 4455361, 4595713, 4612609, 4700161, 4798081,
4816897, 4866049, 4873051, 4950401, 5091841, 5105101, 5117953, 5174401,
5222401, 5241601, 5250961, 5324801, 5381377, 5431297, 5483521, 5591041,
5644801, 5654881, 5677057, 5834401, 5847661, 5849089, 5864321, 5913601,
5990401, 6082561, 6283201, 6307841, 6432427, 6652801, 6789121, 6806801,
6854401, 6899201, 7068601, 7188481, 7338241, 7425601, 7569409, 7603201,
7659521, 7741441, 7796881, 7833601, 7916833, 7920641, 8168161, 8236801,
8353801, 8377601, 8401537, 8408401, 8467201, 8576569, 8796481, 8870401,
8996401, 9011201, 9031681, 9139201, 9189181, 9313921, 9335041, 9356257,
9459451, 9596161, 9609601, 9676801, 9732097, 9784321, 9801793, 9896041,
10063873, 10183681, 10395841, 10436609, 10444801, 10483201, 10501921,
10720711, 10838017, 10890881, 10967041, 10995601, 11038721, 11059201,
11202049, 11289601, 11315201, 11501569, 11515393, 11531521, 11995201,
12042241, 12370051, 12418561, 12475009, 12579841, 12812801, 12864853,
12902401, 12925441, 13178881, 13305601, 13578241, 13759201, 13861121,
14257153, 14350337, 14361601, 14414401, 14909441, 15052801, 15135121,
15275521, 15974401, 16293889, 16307201, 16816801, 17059841, 17233921,
17503201, 17592961, 17611777, 17992801, 18063361, 18095617, 18278401,
18382849, 18627841, 18670081, 18712513, 18800641, 18849601, 19009537,
19192321, 19768321, 19869697, 20180161, 20471809, 20697601, 21441421,
21446657, 21676033, 21964801, 22118401, 22364161, 22870849, 22972951,
23390641, 23482369, 23500801, 23961601, 23990401, 24216193, 24740101,
24837121, 25067521, 25159681, 25225201, 26138113, 26732161, 26836993,
27596801, 27675649, 27955201, 28148737, 28788481, 28828801, 29245441,
29286401, 29702401, 30105601, 30412801, 30965761, 31187521, 31948801,
32313601, 33510401, 33945601, 34062337, 34306273, 34467841, 34594561,
35094529, 35223553, 35642881, 37255681, 37273601, 37601281, 37699201,
39207169, 41126401, 42882841, 43084801, 43243201, 43868161, 43929601,
44553601, 45260801, 46061569, 46126081, 46675201, 46964737, 47001601,
47308801, 47923201, 49201153, 49674241, 51979201, 52509601, 52778881,
52985857, 55444481, 56770561, 57177121, 58490881, 58705921, 60211201,
60318721, 60540481, 62375041, 63974401, 64576513, 64627201, 65894401,
66533377, 67212289, 68935681, 70012801, 70371841, 71285761, 71971201,
74850049, 76377601, 76876801, 77968801, 79168321, 79206401, 80510977,
81469441, 82790401, 85155841, 85542913, 85765681, 86102017, 87736321,
90478081, 91483393, 91914241, 93139201, 93562561, 96864769, 97763329,
97843201, 98841601, 99348481, 100638721, 100900801, 102918817,
103958401, 104366081, 105557761, 114057217, 114892801, 115153921,
119488513, 121080961, 122204161, 125798401, 127948801, 130690561,
131604481, 132464641, 135475201, 142942801, 143769601, 149022721,
150126593, 150796801, 155937601, 158336641, 161441281, 166333441,
168892417, 170311681, 172339201, 172972801, 175472641, 179232769,
180956161, 183783601, 195686401, 196035841, 199600129, 201277441,
204718081, 205004801, 209104897, 210038401, 214466561, 216760321,
224040961, 229605377, 230307841, 234572801, 237619201, 238436353,
241274881, 244408321, 258306049, 258508801, 270950401, 271564801,
283852801, 285885601, 289529857, 301593601, 302702401, 321699841,
332666881, 337784833, 351859201, 354844673, 367567201, 369008641,
374250241, 386039809, 392071681, 395366401, 407347201, 409436161,
430510081, 441548801, 470486017, 496742401, 499000321, 516612097,
522762241, 527155201, 532267009, 534643201, 536166401, 560102401,
567705601, 596090881, 597442561, 605404801, 611020801, 614154241,
645765121, 688816129, 703718401, 762361601, 767692801, 784143361,
791683201, 814694401, 820019201, 844462081, 885620737, 887111681,
900759553, 904780801, 921231361, 939294721, 977633281, 1034035201,
1069286401, 1076275201, 1140572161, 1151539201, 1176215041, 1197600769,
1230028801, 1286485201, 1330667521, 1372250881, 1470268801, 1497000961,
1568286721, 1581465601, 1583366401, 1672839169, 1761177601, 1871251201,
2058376321, 2068070401, 2091048961, 2138572801, 2384363521, 2421619201,
2460057601, 2632089601, 2788065281, 2851430401, 2994001921, 3070771201,
3136573441, 3216998401, 3753164801, 3763888129, 4480819201, 4503797761,
4790403073, 4879114241, 5960908801, 6755696641, 6861254401, 7044710401,
7238246401, 7380172801, 7749181441, 7984005121, 8782405633, 11070259201,
11405721601, 11709874177, 11921817601, 12666931201, 13442457601,
13511393281, 13722508801, 14476492801, 14970009601, 15498362881,
15968010241, 16467010561, 17923276801, 19372953601, 20910489601,
21956014081, 22518988801, 25830604801, 36593356801, 37638881281,
38745907201, 41167526401, 48791142401, 52694433793, 67556966401,
75277762561, 77491814401, 79840051201, 119760076801, 175648112641,
219560140801, 329340211201, 658680422401, 1317360844801]
 