1600 : [37, 73, 109, 433, 41, 31, 61, 241, 181, 271, 541, 2161, 101, 401, 151,
601, 1201, 1801, 113, 43, 337, 127, 1009, 379, 757, 71, 281, 211, 421,
631, 2521, 7561, 15121, 701, 2801, 1051, 4201, 6301, 12601, 89, 67, 199,
397, 2377, 881, 331, 661, 1321, 991, 2971, 23761, 3301, 4951, 9901,
19801, 14851, 118801, 617, 463, 3697, 4159, 8317, 16633, 2311, 4621,
9241, 18481, 55441, 3851, 15401, 11551, 92401, 34651, 103951, 415801,
53, 79, 157, 313, 937, 1873, 131, 521, 3121, 1171, 2341, 3511, 28081,
1301, 1951, 15601, 5851, 11701, 17551, 70201, 140401, 547, 1093, 6553,
9829, 39313, 911, 2731, 21841, 8191, 16381, 65521, 24571, 196561, 54601,
109201, 81901, 982801, 859, 3433, 20593, 7723, 2861, 8581, 25741, 51481,
38611, 7151, 42901, 257401, 193051, 2003, 8009, 6007, 48049, 36037,
72073, 108109, 216217, 432433, 20021, 120121, 180181, 270271, 540541,
50051, 200201, 150151, 300301, 600601, 1201201, 450451, 2702701, 137,
103, 409, 307, 613, 919, 3673, 1361, 1021, 1531, 3061, 6121, 12241,
4591, 9181, 36721, 2551, 5101, 91801, 239, 953, 1429, 2857, 2143, 17137,
6427, 12853, 2381, 9521, 3571, 14281, 10711, 42841, 128521, 23801,
53551, 107101, 428401, 160651, 321301, 1123, 6733, 10099, 1871, 7481,
22441, 16831, 100981, 201961, 18701, 28051, 56101, 224401, 673201,
504901, 5237, 23563, 70687, 565489, 52361, 78541, 157081, 314161,
117811, 235621, 471241, 1178101, 7068601, 443, 1327, 15913, 23869,
47737, 4421, 17681, 19891, 79561, 59671, 238681, 477361, 44201, 33151,
66301, 198901, 795601, 12377, 9283, 74257, 27847, 167077, 30941, 46411,
92821, 185641, 371281, 417691, 1670761, 77351, 232051, 2088451, 8353801,
29173, 116689, 43759, 87517, 97241, 72931, 145861, 291721, 656371,
2625481, 5250961, 243101, 729301, 1458601, 1093951, 2187901, 102103,
816817, 612613, 1837837, 680681, 4084081, 9189181, 6806801, 5105101,
22972951, 183783601, 229, 457, 2053, 8209, 191, 761, 571, 2281, 4561,
6841, 13681, 20521, 1901, 2851, 5701, 205201, 2129, 1597, 4789, 28729,
57457, 11971, 47881, 35911, 71821, 287281, 53201, 39901, 79801, 119701,
478801, 359101, 419, 30097, 11287, 22573, 90289, 6271, 12541, 56431,
225721, 451441, 41801, 62701, 564301, 1128601, 2927, 8779, 105337,
117041, 43891, 351121, 131671, 526681, 1053361, 790021, 1580041, 292601,
219451, 658351, 3950101, 1483, 4447, 8893, 35569, 13339, 53353, 7411,
14821, 29641, 59281, 177841, 98801, 74101, 148201, 333451, 666901,
2667601, 6917, 20749, 31123, 124489, 186733, 17291, 51871, 207481,
1867321, 1037401, 2074801, 778051, 6224401, 21737, 48907, 97813, 391249,
146719, 217361, 163021, 652081, 489061, 733591, 2934361, 5868721,
135851, 1222651, 2445301, 9781201, 38039, 456457, 342343, 1369369,
1027027, 2282281, 6846841, 5135131, 41081041, 11411401, 22822801,
8558551, 17117101, 25675651, 647, 3877, 7753, 17443, 139537, 25841,
19381, 77521, 87211, 697681, 64601, 290701, 4523, 18089, 13567, 108529,
40699, 135661, 406981, 813961, 113051, 452201, 339151, 4069801, 3052351,
6104701, 21319, 511633, 35531, 106591, 213181, 1279081, 3837241,
7674481, 532951, 1065901, 19186201, 38372401, 895357, 1790713, 5372137,
1492261, 2984521, 2238391, 4476781, 17907121, 6715171, 53721361,
3730651, 14922601, 11191951, 22383901, 67151701, 134303401, 75583,
302329, 1813969, 251941, 377911, 1133731, 839801, 1259701, 5038801,
1889551, 3779101, 45349201, 58787, 1058149, 4232593, 6348889, 12697777,
2351441, 2645371, 31744441, 4408951, 17635801, 35271601, 554269,
1108537, 2217073, 6651217, 461891, 2771341, 4157011, 12471031, 24942061,
83140201, 249420601, 1939939, 46558513, 3233231, 232792561, 174594421,
129329201, 193993801, 1163962801, 436486051, 1745944201, 139, 277, 829,
1657, 3313, 4969, 461, 691, 1381, 5521, 16561, 6211, 12421, 24841,
49681, 1151, 31051, 248401, 1289, 1933, 11593, 17389, 3221, 4831, 9661,
24151, 96601, 193201, 217351, 1013, 4049, 3037, 6073, 9109, 18217,
36433, 109297, 2531, 7591, 45541, 91081, 68311, 136621, 25301, 37951,
455401, 10627, 85009, 70841, 106261, 318781, 1275121, 478171, 956341,
1912681, 177101, 1062601, 796951, 19126801, 599, 2393, 7177, 21529,
129169, 5981, 8971, 71761, 107641, 161461, 322921, 14951, 44851, 538201,
1076401, 25117, 150697, 113023, 167441, 62791, 502321, 565111, 4520881,
104651, 418601, 627901, 1255801, 2511601, 7534801, 2825551, 473617,
131561, 197341, 296011, 7104241, 328901, 493351, 3946801, 2960101,
368369, 138139, 276277, 552553, 828829, 4972969, 9945937, 920921,
1381381, 2762761, 16576561, 24864841, 49729681, 2302301, 3453451,
13813801, 41441401, 62162101, 248648401, 6257, 2347, 7039, 84457, 3911,
15641, 11731, 70381, 140761, 527851, 10949, 43793, 98533, 394129,
147799, 591193, 109481, 1970641, 2955961, 5911921, 1094801, 410551,
821101, 7389901, 51613, 77419, 1858033, 258061, 774181, 215051,
11612701, 23225401, 1445137, 541927, 3251557, 6503113, 602141, 2408561,
903211, 1806421, 21677041, 65031121, 4516051, 18064201, 27096301,
54192601, 81288901, 162577801, 20333, 121993, 203321, 304981, 914941,
1372411, 10979281, 508301, 2033201, 3049801, 6099601, 9149401, 426973,
1707889, 2561833, 3842749, 7685497, 355811, 2134861, 4269721, 8539441,
6404581, 3558101, 21348601, 111827, 12077209, 1118261, 3354781, 6709561,
20128681, 40257361, 15096511, 30193021, 11182601, 50321701, 782783,
2348347, 7045039, 42270229, 31311281, 140900761, 422702281, 845404561,
78278201, 117417301, 469669201, 176125951, 7867, 15733, 62929, 23599,
8741, 34961, 157321, 314641, 117991, 21851, 65551, 131101, 393301,
1179901, 2359801, 24473, 36709, 73417, 146833, 440497, 244721, 91771,
550621, 1651861, 611801, 1835401, 11012401, 4129651, 8259301, 76913,
28843, 173053, 1153681, 432631, 865261, 721051, 2884201, 5768401,
8652601, 6489451, 134597, 336491, 4037881, 18170461, 36340921, 40378801,
15142051, 102259, 204517, 409033, 613549, 113621, 1533871, 284051,
852151, 2556451, 5112901, 20451601, 318137, 954409, 1908817, 1431613,
2147419, 4294837, 1193011, 7158061, 47720401, 17895151, 35790301,
53685451, 749893, 2999569, 13498057, 26996113, 2499641, 3749461,
5624191, 44993521, 16872571, 33745141, 6249101, 18747301, 1749749,
2624623, 10498489, 20996977, 23621599, 17497481, 13123111, 52492441,
78738661, 314954641, 944863921, 65615551, 196846651, 1574773201,
590539951, 1181079901, 2362159801, 29717, 133723, 534889, 1069777,
3209329, 297161, 445741, 891481, 1782961, 668611, 2005831, 3343051,
13372201, 26744401, 20058301, 624037, 1872109, 3744217, 7488433,
11232649, 520031, 2080121, 14040811, 23401351, 70204051, 140408101,
280816201, 1961257, 8825653, 6537521, 9806281, 19612561, 29418841,
22064131, 44128261, 4085951, 16343801, 147094201, 41186377, 123559129,
247118257, 17160991, 1235591281, 85804951, 343219801, 1029659401,
2059318801, 6177956401, 1545233, 2897311, 23178481, 52151581, 104303161,
14486551, 130378951, 260757901, 2704157, 8112469, 48674809, 292048849,
40562341, 162249361, 121687021, 182530531, 365061061, 270415601,
405623401, 50992657, 57366739, 114733477, 254963281, 637408201,
478056151, 3824449201, 803134333, 892371481, 2677114441, 4015671661,
16062686641, 4461857401, 8923714801, 13385572201, 26771144401,
20078358301, 40156716601, 59, 233, 349, 523, 2089, 4177, 1567, 6961,
15661, 31321, 1451, 5801, 17401, 52201, 78301, 156601, 2437, 7309,
87697, 6091, 36541, 146161, 109621, 10151, 60901, 182701, 1096201, 1277,
15313, 5743, 3191, 19141, 38281, 76561, 28711, 229681, 86131, 689041,
127601, 95701, 382801, 143551, 574201, 1722601, 3445201, 8933, 35729,
13399, 53593, 321553, 133981, 267961, 200971, 2411641, 669901, 4019401,
3014551, 24116401, 9049, 18097, 20359, 7541, 30161, 11311, 22621, 90481,
135721, 75401, 226201, 452401, 1357201, 508951, 4071601, 5279, 63337,
158341, 316681, 950041, 712531, 395851, 1187551, 9500401, 3562651,
99529, 597169, 223939, 447877, 248821, 373231, 1119691, 1658801, 622051,
4976401, 11196901, 522523, 2090089, 1567567, 12540529, 870871, 1741741,
3483481, 6966961, 7837831, 15675661, 8708701, 39189151, 78378301,
156756601, 1973, 11833, 17749, 4931, 29581, 44371, 88741, 177481,
354961, 266221, 73951, 591601, 443701, 887401, 2662201, 55217, 20707,
41413, 62119, 248473, 372709, 1490833, 34511, 138041, 207061, 310591,
1242361, 2484721, 1863541, 1035301, 18635401, 37270801, 10847, 195229,
108461, 162691, 650761, 2928421, 1626901, 29284201, 58568401, 303689,
683299, 1366597, 4099789, 3036881, 1138831, 2277661, 4555321, 9110641,
13665961, 10249471, 20498941, 1898051, 7592201, 5694151, 45553201,
17082451, 68329801, 153817, 307633, 115363, 922897, 64091, 192271,
769081, 1730431, 640901, 2563601, 2884051, 11536201, 8652151, 34608601,
69217201, 179453, 269179, 538357, 448631, 1794521, 2691781, 10767121,
8075341, 24226021, 17945201, 13458901, 53835601, 40376701, 161506801,
121130101, 845989, 5075929, 10151857, 30455569, 2114971, 4229941,
6344911, 12689821, 38069461, 152277841, 31724551, 71062993, 213188977,
39479441, 14804791, 59219161, 177657481, 266486221, 532972441, 24674651,
98698601, 444143701, 2664862201, 1103, 4409, 3307, 26449, 59509, 132241,
99181, 595081, 27551, 82651, 661201, 1983601, 743851, 23143, 92569,
185137, 69427, 208279, 77141, 462841, 347131, 694261, 771401, 4628401,
1735651, 3471301, 6942601, 10413901, 72733, 1309177, 60611, 242441,
6545881, 909151, 2727451, 21819601, 16364701, 169709, 678833, 424271,
1272811, 5091241, 3818431, 15273721, 16970801, 25456201, 152737201,
114552901, 229105801, 14327, 42979, 257869, 515737, 3094417, 143261,
214891, 859561, 644671, 1289341, 3868021, 15472081, 12893401, 77360401,
2406769, 3610153, 1002821, 1504231, 6016921, 36101521, 13538071,
27076141, 108304561, 2507051, 270761401, 2836549, 5673097, 11346193,
9455161, 18910321, 14182741, 47275801, 212741101, 8824817, 3309307,
19855837, 39711673, 22062041, 16546531, 33093061, 132372241, 297837541,
55155101, 248197951, 1985583601, 744593851, 149873, 337213, 1348849,
505819, 374681, 562021, 1124041, 10116361, 3746801, 5620201, 11240401,
25290901, 786829, 1180243, 2622761, 26227601, 29506051, 708145201,
4945777, 3709333, 11127997, 8242961, 3091111, 6182221, 12364441,
24728881, 37093321, 74186641, 55639981, 5151851, 46366651, 370933201,
5770073, 17310217, 51930649, 173102161, 64913311, 194739931, 778959721,
649133101, 3894798601, 1948337, 5845009, 13151269, 26302537, 43837561,
32878171, 12177101, 36531301, 146125201, 109593901, 164390851,
328781701, 1315126801, 40915057, 25571911, 51143821, 230147191,
920588761, 383578651, 767157301, 10715849, 8036887, 578655793, 26789621,
120553291, 2411065801, 56258203, 337549213, 1350196849, 506323819,
1012647637, 562582021, 20252952721, 468818351, 11251640401, 4219365151,
4003, 12007, 144073, 26681, 20011, 160081, 360181, 720361, 66701,
266801, 300151, 224113, 2017009, 46691, 186761, 140071, 560281, 1867601,
1400701, 2801401, 2101051, 6303151, 12606301, 176089, 264133, 396199,
792397, 586961, 440221, 1760881, 1980991, 3961981, 366851, 13206601,
1232617, 924463, 3697849, 2773387, 1027181, 4622311, 18489241, 27733861,
7703851, 15407701, 30815401, 92446201, 138669301, 277338601, 52027,
104053, 624313, 936469, 86711, 1040521, 1560781, 3121561, 3468401,
2601301, 3901951, 23411701, 242789, 971153, 364183, 2913457, 606971,
10925461, 43701841, 16388191, 65552761, 24278801, 9104551, 18209101,
109254601, 81940951, 190763, 1144573, 4578289, 10301149, 20602297,
41204593, 8584291, 25752871, 206022961, 42921451, 257528701, 1030114801,
53413361, 20030011, 100150051, 801200401, 600900301, 2403601201,
1802700901, 3605401801, 22679, 136069, 544273, 1632817, 612307, 4898449,
680341, 4082041, 2267801, 1700851, 10205101, 40820401, 30615301,
122461201, 158747, 5714857, 11429713, 2381191, 9524761, 142871401,
285742801, 214307101, 428614201, 1496749, 5986993, 17960977, 1247291,
89804881, 269414641, 37418701, 3492413, 10477237, 47147563, 188590249,
8731031, 34924121, 26193091, 78579271, 157158541, 628634161, 1885902481,
349241201, 523861801, 392896351, 1571585401, 1178689051, 3537769,
2653327, 4422211, 8844421, 35377681, 26533261, 22111051, 88444201,
795997801, 18573283, 74293129, 148586257, 55719847, 61910941, 247643761,
278599231, 1392996151, 11143969201, 58373173, 389154481, 437798791,
1751195161, 243221551, 1945772401, 729664651, 1459329301, 5837317201,
8755975801, 136204069, 544816273, 1634448817, 340510171, 681020341,
4086122041, 8172244081, 6129183061, 1135033901, 40861220401,
61291830601, 76039, 152077, 304153, 1140571, 3421711, 27373681, 5069201,
22811401, 136868401, 1419377, 532267, 1064533, 6387193, 9580789,
2661331, 10645321, 21290641, 63871921, 23951971, 8871101, 53226601,
159679801, 479039401, 278807, 7527763, 33456721, 50185081, 83641801,
501850801, 188194051, 376388101, 11709853, 46839409, 1053886681,
48791051, 146373151, 292746301, 10538866801, 658997, 7907953, 2965483,
14827411, 44482231, 88964461, 355857841, 24712351, 197698801, 18451889,
27677833, 498200977, 11532431, 34597291, 276778321, 622751221,
518959351, 6227512201, 14497913, 97860907, 3914436241, 362447801,
1087343401, 815507551, 3262030201, 6524060401, 685026343, 253713461,
1014853841, 761140381, 4566842281, 3425131711, 6850263421, 27401053681,
7611403801, 15222807601, 17125658551, 68502634201, 430883, 2585293,
10341169, 7755877, 15511753, 46535257, 6463231, 12926461, 19389691,
116338141, 64632301, 129264601, 387793801, 775587601, 581690701,
72388177, 217164529, 162873397, 361940881, 135727831, 542911321,
1085822641, 301617401, 5429113201, 4071834901, 37917617, 28438213,
42657319, 94794041, 284382121, 853146361, 1279719541, 5118878161,
265423313, 597202453, 1791607357, 1990674841, 5972024521, 8958036781,
2488343551, 9953374201, 89580367801, 100826389, 201652777, 1209916657,
224058641, 84021991, 2016527761, 1680439801, 5041319401, 3780989551,
30247916401, 39210263, 2117354149, 4234708297, 392102621, 1176307861,
7057847161, 5293385371, 3921026201, 2940769651, 17644617901,
35289235801, 26466926851, 492929009, 4436361073, 6654541609, 1232322521,
1848483781, 2772725671, 33272708041, 18484837801, 1293938647,
2156564411, 8626257641, 77636318761, 116454478141, 232908956281,
86262576401, 129393864601, 258787729201, 388181593801]