1634 : [19, 23, 29, 31, 37, 41, 43, 53, 61, 67, 71, 73, 79, 89, 97, 101, 103,
109, 113, 127, 131, 137, 151, 157, 181, 193, 197, 199, 211, 239, 241,
257, 271, 281, 307, 313, 331, 337, 353, 379, 397, 401, 409, 421, 433,
443, 449, 463, 491, 521, 541, 547, 577, 601, 613, 617, 631, 641, 661,
673, 701, 727, 757, 769, 881, 883, 911, 919, 937, 953, 991, 1009, 1021,
1051, 1093, 1123, 1153, 1171, 1201, 1249, 1301, 1321, 1327, 1361, 1409,
1429, 1453, 1471, 1531, 1601, 1667, 1801, 1871, 1873, 1951, 2003, 2017,
2081, 2113, 2143, 2161, 2179, 2311, 2341, 2377, 2381, 2521, 2549, 2551,
2647, 2689, 2731, 2801, 2857, 2861, 2971, 3061, 3121, 3137, 3169, 3301,
3329, 3361, 3389, 3433, 3457, 3511, 3529, 3571, 3631, 3673, 3697, 3823,
3851, 4201, 4357, 4421, 4481, 4591, 4621, 4801, 4951, 4993, 4999, 5101,
5237, 5281, 5441, 5851, 5881, 6007, 6121, 6301, 6337, 6427, 6469, 6529,
6553, 6733, 7057, 7151, 7351, 7393, 7481, 7489, 7561, 7681, 7723, 7841,
8009, 8161, 8191, 8317, 8581, 8641, 8713, 8737, 8821, 9181, 9241, 9283,
9439, 9521, 9601, 9829, 9857, 9901, 10099, 10193, 10711, 10753, 10781,
10891, 11467, 11551, 11617, 11701, 11969, 12097, 12101, 12241, 12289,
12343, 12377, 12601, 12853, 13313, 13441, 13553, 13729, 14081, 14281,
14401, 14561, 14851, 15121, 15233, 15289, 15361, 15401, 15601, 15731,
15913, 16381, 16633, 16661, 16831, 17137, 17551, 17681, 17851, 17921,
18433, 18481, 18701, 19009, 19801, 19891, 19993, 20021, 20161, 20593,
21121, 21169, 21601, 21841, 22051, 22441, 23041, 23297, 23563, 23761,
23801, 23869, 24481, 24571, 25169, 25411, 25601, 25741, 25873, 26113,
26209, 26881, 26951, 27457, 27847, 28051, 28081, 28289, 29173, 29401,
29569, 29921, 29989, 30241, 30493, 30577, 30941, 30977, 32257, 32341,
33151, 33601, 34273, 34651, 34849, 35201, 35281, 36037, 36653, 36721,
37441, 37633, 38611, 39313, 39937, 40801, 40961, 41141, 41651, 42043,
42337, 42433, 42841, 42901, 43201, 43759, 44101, 44201, 44983, 45697,
47041, 47521, 47737, 48049, 49369, 49921, 50051, 50177, 50821, 51481,
52361, 53551, 53857, 54401, 54601, 54979, 55441, 56101, 56629, 57331,
57601, 59671, 61153, 61441, 62401, 62921, 63361, 63649, 64513, 65521,
66067, 66301, 66529, 68993, 69697, 70201, 70687, 71809, 72073, 72931,
74257, 76231, 76441, 76801, 77351, 77617, 78401, 78541, 79201, 79561,
79873, 81901, 83777, 84481, 84673, 84701, 86017, 87041, 87121, 87517,
91393, 91631, 91801, 92401, 92821, 96097, 96769, 97021, 97241, 98561,
98737, 99961, 100673, 100801, 100981, 101377, 101641, 101921, 102103,
103951, 105601, 107101, 107713, 108109, 109201, 110881, 113153, 114661,
114689, 115201, 116689, 117811, 118273, 118801, 119809, 119953, 120121,
122401, 123553, 124951, 125441, 126127, 127051, 127297, 128521, 129361,
130681, 131041, 133121, 134401, 137089, 137593, 138241, 139393, 140401,
141121, 142297, 143617, 145531, 145601, 145861, 146609, 147457, 148513,
150151, 151009, 151201, 152461, 157081, 159937, 160651, 161281, 161569,
163351, 163841, 166601, 167077, 172801, 174241, 174721, 176401, 177409,
180181, 182953, 183041, 184321, 185131, 185641, 192193, 193051, 193601,
196561, 198017, 198901, 199921, 200201, 201961, 202753, 205633, 209089,
209441, 211681, 212161, 213929, 216217, 218401, 219649, 224401, 224911,
229321, 232051, 232961, 235621, 235951, 237161, 238681, 241921, 242551,
243101, 252253, 254593, 257401, 258721, 259183, 269281, 270271, 270337,
274177, 275969, 279553, 282241, 282881, 284593, 286651, 286721, 287233,
291721, 299521, 299881, 300301, 301057, 305761, 307201, 308309, 308551,
314161, 314497, 316801, 319489, 321301, 323137, 324871, 325249, 326701,
329473, 330331, 332641, 339769, 345577, 345601, 346529, 350351, 359041,
365569, 366521, 367201, 370261, 371281, 377521, 378379, 388081, 388961,
393121, 394241, 406561, 411841, 415801, 417691, 417793, 418177, 419329,
420421, 426889, 428401, 430081, 432433, 436801, 440441, 445537, 448801,
449821, 450451, 457381, 471241, 471901, 473089, 476477, 477361, 485101,
487873, 489217, 494803, 495041, 495617, 499801, 504901, 514081, 519793,
530401, 538561, 540541, 542081, 549121, 550369, 555391, 557057, 560561,
565489, 571201, 576577, 584767, 586433, 600601, 604759, 604801, 612613,
617761, 620929, 622337, 628993, 638977, 640333, 646273, 656371, 660661,
673201, 675841, 679537, 680681, 687961, 689921, 691153, 696961, 700129,
719713, 719951, 729301, 734401, 737281, 740521, 748801, 749701, 760321,
765953, 770771, 783361, 786241, 792793, 795601, 800801, 802231, 813121,
816817, 824671, 838657, 840841, 846721, 855713, 878593, 879649, 889351,
896897, 897601, 898561, 913921, 917281, 921601, 929281, 940801, 943801,
946177, 950401, 959617, 960961, 962677, 970201, 974849, 979201, 982801,
985601, 987361, 988417, 1005313, 1006721, 1016401, 1029601, 1032193,
1036729, 1051051, 1067221, 1075201, 1093951, 1103873, 1108801, 1124551,
1132561, 1138369, 1146881, 1153153, 1178101, 1189189, 1191191, 1198081,
1199521, 1201201, 1209517, 1239041, 1253377, 1261261, 1272961, 1281281,
1375921, 1393921, 1397761, 1401401, 1422961, 1437697, 1455301, 1458601,
1463617, 1468801, 1481041, 1527553, 1597441, 1599361, 1604461, 1610753,
1624351, 1630721, 1633633, 1645601, 1647361, 1649341, 1655809, 1670761,
1689601, 1693441, 1713601, 1719901, 1720321, 1727881, 1742401, 1747201,
1795201, 1810433, 1830401, 1837837, 1843201, 1849849, 1851301, 1867009,
1881601, 1892353, 1909441, 1921921, 1940401, 1951489, 1979209, 2015861,
2069761, 2073457, 2079169, 2088451, 2114113, 2116801, 2121601, 2144143,
2154241, 2187901, 2199121, 2236417, 2276737, 2297857, 2312311, 2323201,
2345729, 2350081, 2399041, 2402401, 2419033, 2437121, 2483713, 2513281,
2534401, 2570401, 2591821, 2613601, 2620619, 2625481, 2665601, 2668051,
2673217, 2690689, 2692801, 2702701, 2715649, 2764609, 2795521, 2800513,
2818817, 2875393, 2878849, 2879801, 2888029, 2923831, 2937601, 2972971,
3015937, 3020161, 3049201, 3088801, 3104641, 3133441, 3141601, 3144961,
3159553, 3168257, 3198721, 3208921, 3225377, 3248701, 3252481, 3298681,
3345409, 3369367, 3394561, 3439801, 3455761, 3465281, 3469313, 3548161,
3612673, 3655681, 3686401, 3699697, 3712801, 3725569, 3775201, 3843841,
3870721, 3880801, 3887731, 3942401, 3949441, 3993601, 4021249, 4036033,
4084081, 4158337, 4181761, 4200769, 4233601, 4247101, 4264961, 4268881,
4300801, 4308481, 4324321, 4356353, 4398241, 4423681, 4443121, 4455361,
4553473, 4573801, 4595713, 4612609, 4646401, 4700161, 4798081, 4816897,
4832257, 4866049, 4873051, 4878721, 4950401, 4954951, 5091841, 5105101,
5117953, 5134273, 5174401, 5183641, 5203969, 5222401, 5241601, 5250961,
5285281, 5324801, 5336101, 5348201, 5381377, 5431297, 5436289, 5483521,
5591041, 5644801, 5654881, 5677057, 5834401, 5847661, 5849089, 5864321,
5913601, 5924161, 5945941, 5990401, 6071297, 6082561, 6098401, 6220369,
6283201, 6307841, 6342337, 6403321, 6417841, 6432427, 6652801, 6789121,
6806801, 6854401, 6899201, 7047041, 7068601, 7108993, 7188481, 7257097,
7338241, 7425601, 7434241, 7550401, 7569409, 7603201, 7659521, 7701409,
7741441, 7775461, 7796881, 7833601, 7916833, 7920641, 8004151, 8168161,
8236801, 8353801, 8377601, 8408401, 8467201, 8557121, 8576569, 8639401,
8796481, 8870401, 8996401, 9011201, 9031681, 9060481, 9139201, 9147601,
9189181, 9225217, 9313921, 9335041, 9356257, 9359351, 9459451, 9596161,
9609601, 9676801, 9732097, 9757441, 9801793, 9896041, 9909901, 10063873,
10183681, 10395841, 10444801, 10482473, 10483201, 10501921, 10531841,
10672201, 10720711, 10838017, 10890881, 10967041, 10995601, 11038721,
11058433, 11059201, 11202049, 11289601, 11315201, 11501569, 11515393,
11519201, 11531521, 11552113, 11995201, 12033451, 12042241, 12080641,
12370051, 12390401, 12418561, 12475009, 12579841, 12806641, 12812801,
12864853, 12902401, 12925441, 13009921, 13178881, 13305601, 13381633,
13578241, 13759201, 13823041, 13861121, 13877249, 14229601, 14257153,
14350337, 14361601, 14414401, 14514193, 14909441, 15052801, 15135121,
15275521, 15402817, 15855841, 15974401, 16044601, 16293889, 16307201,
16648633, 16727041, 16816801, 17059841, 17075521, 17233921, 17503201,
17592961, 17611777, 17992801, 18063361, 18095617, 18213889, 18278401,
18382849, 18627841, 18670081, 18712513, 18800641, 18849601, 19009537,
19027009, 19192321, 19568641, 19768321, 19819801, 19824641, 19869697,
20180161, 20471809, 20697601, 21441421, 21446657, 21676033, 21964801,
22118401, 22364161, 22870849, 22972951, 23390641, 23482369, 23500801,
23696641, 23783761, 23961601, 23990401, 24216193, 24393601, 24740101,
24837121, 25067521, 25159681, 25225201, 25276417, 25671361, 26019841,
26138113, 26206181, 26329601, 26732161, 26836993, 26954929, 27320833,
27596801, 27646081, 27675649, 27747721, 27955201, 28078051, 28148737,
28435969, 28788481, 28828801, 29245441, 29286401, 29702401, 30105601,
30201601, 30412801, 30830801, 30965761, 31187521, 31948801, 32016601,
32089201, 32313601, 33510401, 33825793, 33945601, 34062337, 34306273,
34467841, 34594561, 35094529, 35223553, 35642881, 35684353, 36241921,
37255681, 37273601, 37601281, 37699201, 38877301, 39207169, 41074177,
41126401, 41929889, 42127361, 42882841, 43084801, 43243201, 43868161,
43929601, 44396353, 44553601, 44924881, 45101057, 45260801, 45302401,
46061569, 46076801, 46126081, 46246201, 46675201, 46964737, 47001601,
47308801, 47923201, 48133801, 48380641, 49201153, 49674241, 50552833,
51226561, 51606017, 51836401, 51979201, 52039681, 52509601, 52778881,
52852801, 52985857, 54765569, 55444481, 55495441, 55756801, 56770561,
56871937, 57177121, 57760561, 57987073, 58490881, 58705921, 59899841,
60211201, 60318721, 60475801, 60540481, 62203681, 62375041, 63191041,
63423361, 63974401, 64576513, 64627201, 65894401, 66533377, 66594529,
66908161, 67212289, 67953601, 68935681, 69115201, 69369301, 70012801,
70371841, 70470401, 71285761, 71971201, 74850049, 76108033, 76377601,
77014081, 77754601, 77968801, 78059521, 78618541, 79168321, 79206401,
79279201, 80510977, 80634401, 81469441, 82790401, 85155841, 85377601,
85542913, 85765681, 86102017, 86732801, 87736321, 89210881, 89849761,
90478081, 91069441, 91483393, 91914241, 93139201, 93562561, 95135041,
96645121, 96864769, 97763329, 97843201, 98841601, 99348481, 100638721,
100900801, 102918817, 103958401, 104053951, 104366081, 105557761,
110584321, 111513601, 112312201, 113743873, 114057217, 114892801,
115153921, 116113537, 117089281, 119488513, 120806401, 120951601,
121080961, 122204161, 123323201, 125798401, 127948801, 128066401,
130690561, 131604481, 132464641, 133189057, 135475201, 135907201,
136913921, 138230401, 142942801, 143769601, 145141921, 149022721,
150126593, 150796801, 152076289, 155937601, 157237081, 158336641,
161441281, 165876481, 166333441, 167719553, 168892417, 170311681,
172339201, 172972801, 175472641, 176934913, 179232769, 180956161,
181427401, 183783601, 190270081, 193290241, 195686401, 196035841,
199600129, 201277441, 202211329, 204718081, 205004801, 209104897,
210038401, 214466561, 216760321, 217712881, 219062273, 221981761,
223027201, 229605377, 230307841, 234572801, 237619201, 238436353,
241274881, 242851841, 244408321, 251579329, 256132801, 256713601,
258306049, 258508801, 266378113, 270950401, 271564801, 272141101,
276460801, 283852801, 285885601, 289529857, 295975681, 297369601,
301593601, 302702401, 308056321, 321699841, 328593409, 332666881,
337784833, 341510401, 346931201, 351859201, 354844673, 362419201,
367567201, 369008641, 369969601, 374250241, 377368993, 380190721,
383358977, 386039809, 392071681, 395366401, 407347201, 409436161,
416317441, 419298881, 430510081, 435425761, 441548801, 442337281,
443963521, 470486017, 471711241, 483225601, 496742401, 499000321,
503158657, 505404901, 505528321, 516612097, 522762241, 527155201,
532267009, 534643201, 536166401, 539098561, 547655681, 560102401,
567705601, 582844417, 591951361, 596090881, 597442561, 598998401,
605404801, 611020801, 614154241, 628948321, 631910401, 634233601,
645765121, 676515841, 688816129, 703718401, 737228801, 762361601,
767692801, 774090241, 784143361, 791683201, 808647841, 811819009,
814694401, 820019201, 825696257, 832431601, 844462081, 845644801,
885620737, 887111681, 892108801, 898497601, 900759553, 904780801,
921231361, 939294721, 947122177, 966451201, 967612801, 977633281,
995258881, 1010809801, 1014773761, 1034035201, 1065512449, 1069286401,
1076275201, 1078197121, 1087257601, 1137438721, 1140572161, 1150076929,
1151539201, 1161135361, 1176215041, 1197600769, 1230028801, 1244073601,
1248952321, 1263820801, 1268467201, 1286485201, 1311399937, 1314373633,
1330667521, 1347746401, 1353031681, 1366041601, 1372250881, 1451419201,
1457111041, 1470268801, 1497000961, 1522160641, 1561190401, 1568286721,
1581465601, 1583366401, 1672839169, 1761177601, 1768917151, 1796995201,
1871251201, 1902700801, 2049062401, 2058376321, 2068070401, 2138572801,
2156394241, 2177128801, 2219817601, 2319482881, 2322270721, 2384363521,
2421619201, 2428518401, 2460057601, 2527641601, 2632089601, 2654023681,
2732083201, 2788065281, 2851430401, 2875192321, 2914222081, 2959756801,
2994001921, 3070771201, 3096360961, 3136573441, 3216998401, 3247276033,
3317529601, 3642777601, 3715633153, 3746856961, 3753164801, 3763888129,
3833589761, 3992002561, 4025269249, 4262049793, 4349030401, 4354257601,
4480819201, 4503797761, 4790403073, 4879114241, 4954177537, 5031586561,
5055283201, 5160601601, 5412126721, 5476556801, 5660534881, 5960908801,
6088642561, 6161126401, 6192721921, 6369656833, 6659452801, 6755696641,
6861254401, 6900461569, 6966812161, 7044710401, 7238246401, 7380172801,
7393351681, 7547379841, 7576977409, 7749181441, 7892684801, 7984005121,
8196249601, 8742666241, 8782405633, 9367142401, 9583974401, 9908355073,
11070259201, 11321069761, 11405721601, 11611353601, 11709874177,
11921817601, 12628295681, 12666931201, 13442457601, 13511393281,
13530316801, 13722508801, 13800923137, 14375961601, 14476492801,
14970009601, 15094759681, 15498362881, 15924142081, 15968010241,
16236380161, 16467010561, 17048199169, 17396121601, 17923276801,
19372953601, 20295475201, 20910489601, 21232189441, 21956014081,
22518988801, 22748774401, 23001538561, 24770887681, 25830604801,
28302674401, 30443212801, 36593356801, 37156331521, 37638881281,
38335897601, 38745907201, 40590950401, 41167526401, 41402769409,
43127884801, 45284279041, 46445414401, 48303230977, 48791142401,
50315865601, 51753461761, 52694433793, 53080473601, 59880038401,
61927219201, 63696568321, 64691827201, 65569996801, 67556966401,
73933516801, 75277762561, 77491814401, 79620710401, 79840051201,
82805538817, 86255769601, 90568558081, 92006154241, 113210697601,
119760076801, 150947596801, 172511539201, 175648112641, 189424435201,
201263462401, 219560140801, 222937989121, 268351283201, 278672486401,
295734067201, 301895193601, 345023078401, 445875978241, 658680422401,
743126630401, 1073405132801, 1317360844801, 1811371161601,
2634721689601, 4830323097601]
  