2292 : [19, 23, 29, 31, 37, 41, 43, 53, 61, 67, 71, 73, 79, 89, 97, 101, 103,
109, 113, 127, 131, 137, 151, 181, 193, 197, 199, 211, 239, 241, 257,
271, 281, 307, 313, 331, 337, 353, 379, 397, 401, 409, 421, 433, 443,
449, 463, 491, 521, 541, 547, 577, 601, 613, 617, 631, 641, 661, 673,
677, 701, 727, 757, 769, 859, 881, 883, 911, 919, 937, 953, 991, 1009,
1021, 1051, 1093, 1123, 1153, 1171, 1201, 1249, 1301, 1321, 1327, 1361,
1409, 1429, 1453, 1471, 1531, 1601, 1667, 1801, 1871, 1873, 1951, 2003,
2017, 2029, 2081, 2113, 2143, 2161, 2179, 2311, 2341, 2377, 2381, 2521,
2549, 2551, 2647, 2689, 2731, 2801, 2857, 2861, 2971, 3061, 3121, 3137,
3169, 3301, 3329, 3361, 3389, 3433, 3457, 3511, 3529, 3571, 3631, 3673,
3697, 3719, 3823, 3851, 4057, 4159, 4201, 4357, 4421, 4481, 4591, 4621,
4733, 4801, 4951, 4993, 4999, 5101, 5237, 5281, 5441, 5851, 5881, 6007,
6121, 6301, 6337, 6427, 6469, 6529, 6553, 6733, 6761, 7057, 7151, 7351,
7393, 7481, 7489, 7561, 7681, 7723, 7841, 8009, 8161, 8191, 8317, 8581,
8641, 8713, 8737, 8821, 9127, 9181, 9241, 9283, 9439, 9521, 9601, 9829,
9857, 9901, 10099, 10141, 10193, 10711, 10753, 10781, 10891, 11467,
11551, 11617, 11701, 11831, 11969, 12097, 12101, 12241, 12289, 12343,
12377, 12601, 12853, 13313, 13441, 13553, 13729, 14081, 14197, 14281,
14401, 14561, 14851, 15121, 15233, 15289, 15361, 15401, 15601, 15731,
15913, 16381, 16633, 16661, 16831, 16901, 17137, 17239, 17551, 17681,
17851, 17921, 18253, 18433, 18481, 18701, 19009, 19801, 19891, 19993,
20021, 20161, 20593, 21121, 21169, 21601, 21841, 22051, 22441, 23041,
23297, 23563, 23761, 23801, 23869, 24337, 24481, 24571, 25169, 25411,
25601, 25741, 25873, 26113, 26209, 26881, 26951, 27457, 27847, 28051,
28081, 28289, 28393, 29173, 29401, 29569, 29921, 29989, 30241, 30493,
30577, 30941, 30977, 32257, 32341, 33151, 33601, 34273, 34651, 34849,
35201, 35281, 35491, 36037, 36653, 36721, 37181, 37441, 37633, 38611,
39313, 39937, 40801, 40961, 41141, 41651, 42043, 42337, 42433, 42589,
42841, 42901, 43201, 43759, 44101, 44201, 44617, 44983, 45631, 45697,
46411, 47041, 47521, 47737, 48049, 48673, 49369, 49921, 50051, 50177,
50821, 51481, 52361, 53551, 53857, 54401, 54601, 54979, 55441, 56101,
56629, 57331, 57601, 59671, 61153, 61441, 62401, 62921, 63361, 63649,
64513, 65521, 66067, 66301, 66529, 67601, 68993, 69697, 70201, 70687,
70981, 71809, 72073, 72931, 73009, 74257, 76231, 76441, 76801, 77351,
77617, 78079, 78401, 78541, 79201, 79561, 79873, 81901, 82811, 83777,
84481, 84673, 84701, 86017, 87041, 87121, 87517, 91393, 91631, 91801,
92401, 92821, 92951, 93601, 96097, 96769, 97021, 97241, 98561, 98737,
99961, 100673, 100801, 100981, 101377, 101641, 101921, 102103, 103951,
105601, 107101, 107713, 108109, 108161, 109201, 110881, 113153, 114661,
114689, 115201, 116689, 117811, 118273, 118801, 119809, 119953, 120121,
122401, 123553, 124951, 125441, 126127, 127051, 127297, 128521, 129361,
129793, 130681, 131041, 133121, 134401, 137089, 137593, 138241, 139393,
140401, 141121, 141961, 142297, 143617, 143651, 145531, 145601, 145861,
146609, 147457, 148513, 148721, 149059, 150151, 151009, 151201, 152461,
156157, 157081, 159937, 160651, 161281, 161569, 163351, 163841, 166601,
167077, 167311, 170353, 172801, 174241, 174721, 176401, 177409, 180181,
182953, 183041, 184321, 185131, 185641, 189619, 192193, 193051, 193601,
196561, 198017, 198901, 199921, 200201, 201961, 202753, 205633, 209089,
209441, 211681, 212161, 213929, 216217, 218401, 219649, 224401, 224911,
229321, 229841, 232051, 232961, 235009, 235621, 235951, 237161, 238681,
241333, 241921, 242551, 243101, 245389, 248431, 252253, 254593, 257401,
258721, 259183, 264601, 269281, 270271, 270337, 274177, 275969, 279553,
282241, 282881, 284593, 286651, 286721, 287233, 291721, 299521, 299881,
300301, 301057, 305761, 307201, 308309, 308551, 312313, 314161, 314497,
316031, 316801, 319411, 319489, 321301, 323137, 324871, 325249, 326701,
329473, 330331, 331241, 332641, 339769, 345577, 345601, 346529, 350351,
356929, 359041, 365569, 366521, 367201, 368083, 370261, 371281, 377521,
378379, 388081, 388961, 390391, 393121, 394241, 397489, 402221, 406561,
411841, 413713, 415801, 416417, 417691, 417793, 418177, 419329, 420421,
426889, 428401, 430081, 432433, 436801, 440441, 445537, 448801, 449821,
450451, 457381, 471241, 471901, 473089, 473201, 476477, 477361, 485101,
486721, 487873, 489217, 494803, 495041, 495617, 499801, 501931, 504901,
511057, 514081, 519793, 530401, 538561, 540541, 542081, 546547, 549121,
550369, 555391, 557057, 560561, 565489, 567841, 571201, 572573, 576577,
584767, 586433, 600601, 604759, 604801, 608401, 612613, 613471, 617761,
620569, 620929, 622337, 628993, 638977, 640333, 643553, 646273, 648961,
656371, 660661, 669241, 673201, 675841, 679537, 680681, 681409, 687961,
689921, 691153, 696961, 700129, 719713, 719951, 723997, 728729, 729301,
734401, 737281, 739201, 740521, 748801, 749701, 760321, 765953, 770771,
775711, 783361, 786241, 792793, 795601, 800801, 802231, 813121, 816817,
824671, 838657, 840841, 846721, 851761, 855713, 858859, 861901, 878593,
879649, 889351, 892321, 896897, 897601, 898561, 913921, 917281, 921601,
929281, 936937, 940801, 943801, 946177, 948091, 950401, 959617, 960961,
962677, 965329, 970201, 974849, 979201, 982801, 985601, 987361, 988417,
1005313, 1005551, 1006721, 1016401, 1022113, 1029601, 1032193, 1034281,
1036729, 1038337, 1041041, 1051051, 1067221, 1075201, 1093951, 1103873,
1104247, 1108801, 1124551, 1132561, 1138369, 1146881, 1153153, 1178101,
1189189, 1191191, 1198081, 1199521, 1201201, 1209517, 1211393, 1239041,
1242151, 1253377, 1261261, 1272961, 1281281, 1308737, 1338481, 1375921,
1393921, 1397761, 1401401, 1422961, 1437697, 1455301, 1458601, 1460161,
1463617, 1468801, 1470977, 1481041, 1487201, 1527553, 1597441, 1599361,
1604461, 1610753, 1624351, 1630721, 1633633, 1645601, 1647361, 1649341,
1655809, 1670761, 1689601, 1693441, 1713601, 1719901, 1720321, 1723801,
1727881, 1742401, 1747201, 1784641, 1795201, 1809991, 1810433, 1830401,
1837837, 1843201, 1849849, 1851301, 1867009, 1881601, 1892353, 1909441,
1921921, 1940401, 1951489, 1951951, 1979209, 2007721, 2015861, 2044901,
2069761, 2073457, 2079169, 2085799, 2088451, 2114113, 2116801, 2119937,
2121601, 2129401, 2141569, 2144143, 2154241, 2171989, 2187901, 2199121,
2230801, 2236417, 2276737, 2297857, 2312311, 2323201, 2345729, 2350081,
2379521, 2399041, 2402401, 2419033, 2437121, 2483713, 2513281, 2534401,
2555281, 2570401, 2591821, 2613601, 2620619, 2625481, 2654653, 2665601,
2668051, 2673217, 2690689, 2692801, 2702701, 2715649, 2764609, 2768897,
2795521, 2800513, 2818817, 2839201, 2844271, 2875393, 2878849, 2879801,
2888029, 2914913, 2920321, 2923831, 2937601, 2944657, 2972971, 3015937,
3020161, 3049201, 3088801, 3104641, 3115009, 3133441, 3141601, 3144961,
3159553, 3168257, 3194101, 3194881, 3198721, 3208921, 3212353, 3225377,
3248701, 3252481, 3298681, 3345409, 3369367, 3378649, 3394561, 3439801,
3447601, 3469313, 3513511, 3548161, 3577393, 3612673, 3619981, 3655681,
3677441, 3686401, 3699697, 3712801, 3725569, 3775201, 3843841, 3870721,
3880801, 3887731, 3903901, 3942401, 3949441, 3974881, 3993601, 4021249,
4022201, 4036033, 4084081, 4137121, 4158337, 4181761, 4200769, 4223311,
4233601, 4247101, 4258801, 4264961, 4268881, 4283137, 4300801, 4308481,
4324321, 4326401, 4356353, 4398241, 4423681, 4443121, 4455361, 4471741,
4553473, 4573801, 4595713, 4612609, 4646401, 4700161, 4798081, 4816897,
4826641, 4832257, 4845569, 4866049, 4866863, 4873051, 4878721, 4907761,
4950401, 4954951, 5091841, 5105101, 5110561, 5117953, 5134273, 5153149,
5174401, 5183641, 5203969, 5222401, 5241601, 5250961, 5285281, 5324801,
5336101, 5348201, 5381377, 5431297, 5436289, 5465461, 5483521, 5591041,
5621617, 5644801, 5654881, 5677057, 5688541, 5725721, 5834401, 5847661,
5849089, 5855851, 5864321, 5889313, 5913601, 5924161, 5945941, 5990401,
6071297, 6082561, 6098401, 6194189, 6220369, 6230017, 6283201, 6307841,
6342337, 6403321, 6417841, 6432427, 6489601, 6652801, 6789121, 6806801,
6854401, 6895201, 6899201, 7027021, 7047041, 7068601, 7108993, 7138561,
7188481, 7239961, 7257097, 7287281, 7300801, 7338241, 7425601, 7434241,
7452901, 7550401, 7569409, 7603201, 7659521, 7701409, 7741441, 7775461,
7796881, 7833601, 7916833, 7920641, 8004151, 8168161, 8198191, 8236801,
8377601, 8401537, 8408401, 8467201, 8557121, 8576569, 8639401, 8687953,
8744737, 8796481, 8825857, 8833969, 8870401, 8996401, 9011201, 9031681,
9060481, 9139201, 9147601, 9189181, 9202051, 9225217, 9291283, 9313921,
9335041, 9356257, 9359351, 9459451, 9480901, 9596161, 9609601, 9676801,
9732097, 9757441, 9784321, 9801793, 9837829, 9896041, 9909901, 9929089,
10063873, 10183681, 10383361, 10395841, 10428991, 10436609, 10444801,
10482473, 10483201, 10501921, 10531841, 10672201, 10720711, 10838017,
10890881, 10967041, 10995601, 11038721, 11058433, 11059201, 11179351,
11202049, 11243233, 11289601, 11315201, 11356801, 11501569, 11515393,
11519201, 11531521, 11552113, 11711701, 11924641, 11995201, 12033451,
12042241, 12080641, 12269401, 12370051, 12390401, 12411361, 12418561,
12475009, 12579841, 12719617, 12806641, 12812801, 12849409, 12902401,
12925441, 13009921, 13178881, 13273261, 13305601, 13381633, 13578241,
13652497, 13759201, 13823041, 13861121, 13877249, 14229601, 14257153,
14350337, 14361601, 14414401, 14479921, 14514193, 14600587, 14723281,
14909441, 14990977, 15052801, 15135121, 15228929, 15275521, 15402817,
15445249, 15485471, 15514201, 15704833, 15855841, 15974401, 16044601,
16061761, 16293889, 16648633, 16727041, 16816801, 16893241, 17035201,
17059841, 17075521, 17177161, 17233921, 17489473, 17503201, 17592961,
17611777, 17651713, 17846401, 17992801, 18019457, 18063361, 18095617,
18170881, 18213889, 18278401, 18382849, 18627841, 18670081, 18712513,
18772183, 18800641, 18849601, 19009537, 19027009, 19192321, 19382273,
19568641, 19768321, 19819801, 19824641, 19869697, 19874401, 19987969,
20180161, 20471809, 20685601, 20697601, 20857981, 21199361, 21237217,
21441421, 21446657, 21676033, 21719881, 21964801, 22118401, 22364161,
22870849, 22972951, 23390641, 23482369, 23500801, 23696641, 23783761,
23891869, 23961601, 23990401, 24133201, 24216193, 24393601, 24594571,
24740101, 24837121, 24984961, 25029577, 25067521, 25159681, 25225201,
25276417, 25339861, 25552801, 25671361, 25698817, 25742081, 26019841,
26138113, 26206181, 26329601, 26546521, 26732161, 26769601, 26836993,
26954929, 27320833, 27483457, 27596801, 27646081, 27675649, 27688961,
27747721, 27955201, 28078051, 28108081, 28148737, 28435969, 28619137,
28828801, 28959841, 29073409, 29245441, 29286401, 29702401, 30105601,
30201601, 30412801, 30830801, 30965761, 31028401, 31187521, 31948801,
32016601, 32089201, 32123521, 32313601, 32361473, 33096961, 33510401,
33786481, 33825793, 33918977, 33945601, 34062337, 34306273, 34467841,
34594561, 34751809, 35094529, 35223553, 35335873, 35642881, 35684353,
35773921, 36072037, 36241921, 37255681, 37273601, 37601281, 37699201,
38009791, 38613121, 38877301, 38937601, 39207169, 39716353, 39975937,
40080041, 41074177, 41126401, 41641601, 41929889, 42127361, 42233101,
42831361, 42882841, 43084801, 43243201, 43868161, 43929601, 44396353,
44553601, 44924881, 44972929, 45101057, 45260801, 45302401, 46061569,
46076801, 46126081, 46246201, 46456411, 46675201, 46964737, 47001601,
47308801, 47923201, 48133801, 48380641, 49201153, 49674241, 50059153,
50552833, 50679721, 51226561, 51606017, 51836401, 51916801, 51979201,
52039681, 52509601, 52778881, 52852801, 52985857, 53093041, 54765569,
54966913, 55444481, 55495441, 55756801, 56770561, 56871937, 56885401,
57108481, 57177121, 57238273, 57760561, 57987073, 58490881, 58705921,
59899841, 60211201, 60318721, 60475801, 60540481, 60677761, 62056801,
62203681, 62375041, 62573941, 63191041, 63349651, 63423361, 63974401,
64576513, 64627201, 65894401, 66533377, 66594529, 66908161, 67212289,
67953601, 68140801, 68708641, 68935681, 69115201, 69369301, 70012801,
70371841, 70470401, 71285761, 71971201, 72813313, 74850049, 76108033,
76377601, 76876801, 77014081, 77754601, 77968801, 78059521, 78618541,
79168321, 79206401, 79279201, 79639561, 79951873, 80510977, 80634401,
80903681, 81087553, 81469441, 81768961, 81981901, 82450369, 82790401,
83431921, 84466201, 84797441, 85155841, 85377601, 85542913, 85765681,
86102017, 86732801, 86879521, 87736321, 88488401, 89210881, 89434801,
89849761, 89945857, 90180091, 90478081, 91069441, 91483393, 91914241,
93139201, 93562561, 93693601, 94228993, 95135041, 96645121, 96864769,
97763329, 97843201, 98841601, 99107009, 99348481, 99939841, 100638721,
100900801, 101359441, 102918817, 103958401, 104053951, 104289901,
104366081, 105557761, 108116737, 108216109, 108599401, 110584321,
111513601, 112312201, 113743873, 114057217, 114892801, 115153921,
116113537, 116596481, 116804689, 117089281, 117786241, 119459341,
119488513, 120806401, 120951601, 121080961, 121139201, 122204161,
122972851, 123323201, 125147881, 125638657, 125798401, 127196161,
127948801, 128066401, 129445889, 130690561, 131604481, 132464641,
132732601, 133189057, 135145921, 135475201, 135907201, 136913921,
138230401, 139007233, 141581441, 142942801, 143769601, 145141921,
145367041, 148660513, 149022721, 150126593, 150796801, 152076289,
154594441, 155937601, 157048321, 157237081, 158336641, 158865409,
158995201, 160320161, 160617601, 161441281, 163963801, 165484801,
165876481, 166333441, 167719553, 168892417, 170311681, 171771601,
172339201, 172972801, 175472641, 176934913, 178869601, 179232769,
179891713, 180956161, 181427401, 182747137, 183783601, 186900481,
190048951, 190270081, 193065601, 193290241, 195686401, 196035841,
199600129, 200236609, 201277441, 202211329, 202718881, 204718081,
205004801, 206125921, 209104897, 210038401, 211993601, 214156801,
214466561, 216233473, 216760321, 217198801, 217712881, 218050561,
219062273, 221981761, 223027201, 224040961, 228953089, 229605377,
230307841, 232282051, 234572801, 237619201, 238436353, 238918681,
239599361, 240480241, 241274881, 242851841, 244408321, 245945701,
250295761, 251579329, 253398601, 256132801, 256713601, 256988161,
257657401, 258306049, 258508801, 262342081, 262810549, 266378113,
266506241, 270291841, 270540271, 270950401, 271564801, 272141101,
276460801, 279831553, 281080801, 282686977, 283852801, 285885601,
288311297, 288576289, 289529857, 289598401, 295975681, 297369601,
301593601, 302702401, 308056321, 317990401, 318558241, 319807489,
321699841, 323614721, 328593409, 329801473, 330969601, 332666881,
337784833, 341312401, 341510401, 342650881, 346931201, 347518081,
348880897, 349789441, 351859201, 354844673, 360720361, 362419201,
367567201, 369008641, 369969601, 374250241, 376915969, 377368993,
380190721, 380723201, 383358977, 386039809, 392071681, 395366401,
399759361, 407347201, 409436161, 412251841, 415334401, 416317441,
417159601, 419298881, 423641089, 430510081, 435425761, 437236801,
441548801, 442337281, 443963521, 444970241, 466385921, 467218753,
470486017, 471711241, 476985601, 483225601, 486525313, 491891401,
496742401, 499000321, 500591521, 503158657, 505404901, 505528321,
511020511, 515314801, 516612097, 522762241, 527155201, 532267009,
533964289, 534643201, 536166401, 539098561, 547655681, 549669121,
560102401, 567705601, 572382721, 579196801, 582506497, 582844417,
588390401, 591951361, 596090881, 597442561, 598998401, 605404801,
611020801, 614154241, 628193281, 628948321, 634233601, 635461633,
635980801, 637116481, 645765121, 648700417, 654151681, 655855201,
658997249, 666265601, 676515841, 685301761, 688816129, 695036161,
696846151, 699578881, 703718401, 721440721, 726835201, 730029301,
737228801, 762361601, 764539777, 767692801, 769536769, 774090241,
784143361, 791683201, 796395601, 808647841, 809036801, 811819009,
814694401, 817632817, 820019201, 825696257, 832431601, 844462081,
845644801, 868795201, 872202241, 885620737, 887111681, 892108801,
898497601, 899458561, 900759553, 904780801, 906121217, 919836919,
921231361, 926714881, 939294721, 947122177, 966451201, 967612801,
977633281, 995258881, 999398401, 1001183041, 1010809801, 1013594401,
1014773761, 1029683201, 1034035201, 1059102721, 1065512449, 1069286401,
1076275201, 1078197121, 1087257601, 1095043951, 1112057857, 1124323201,
1137438721, 1140572161, 1144765441, 1150076929, 1151539201, 1161135361,
1165012993, 1165964801, 1176215041, 1189284097, 1197600769, 1201419649,
1202401201, 1230028801, 1236755521, 1244073601, 1248952321, 1251478801,
1263820801, 1268467201, 1286485201, 1294458881, 1311399937, 1314373633,
1323878401, 1330667521, 1347746401, 1353031681, 1362721361, 1366041601,
1372250881, 1393692301, 1399157761, 1401656257, 1442881441, 1451419201,
1456266241, 1457111041, 1470268801, 1486605121, 1497000961, 1507663873,
1522160641, 1561190401, 1568286721, 1574052481, 1581465601, 1583366401,
1635379201, 1668638401, 1672430761, 1672839169, 1698977281, 1731457729,
1737590401, 1744404481, 1761177601, 1768917151, 1796995201, 1853429761,
1858256401, 1865543681, 1869004801, 1871251201, 1877218201, 1902700801,
1907942401, 2002366081, 2038772737, 2044082041, 2049062401, 2055905281,
2058376321, 2061259201, 2068070401, 2091048961, 2123721601, 2138572801,
2156394241, 2177128801, 2180505601, 2219817601, 2229907681, 2238652417,
2319482881, 2322270721, 2378568193, 2384363521, 2421619201, 2427110401,
2428518401, 2460057601, 2473511041, 2502957601, 2527641601, 2548465921,
2565122561, 2616606721, 2628105481, 2632089601, 2638411777, 2654023681,
2702918401, 2705402701, 2732083201, 2780144641, 2788065281, 2798315521,
2851430401, 2875192321, 2885762881, 2907340801, 2914222081, 2959756801,
2994001921, 3003549121, 3052707841, 3070771201, 3096360961, 3136573441,
3203785729, 3216998401, 3247276033, 3317529601, 3344861521, 3495038977,
3597834241, 3642777601, 3706859521, 3715633153, 3738009601, 3746856961,
3753164801, 3763888129, 3822698881, 3833589761, 3883376641, 3992002561,
4004732161, 4025269249, 4262049793, 4349030401, 4354257601, 4361011201,
4480819201, 4503797761, 4522991617, 4579061761, 4633574401, 4790403073,
4809604801, 4879114241, 4954177537, 5055283201, 5160601601, 5233213441,
5256210961, 5351778433, 5405836801, 5412126721, 5460998401, 5476556801,
5560289281, 5660534881, 5723827201, 5863137281, 5930975233, 5960908801,
6030655489, 6088642561, 6161126401, 6192721921, 6281932801, 6369656833,
6371164801, 6659452801, 6755696641, 6861254401, 6900461569, 6925830913,
6966812161, 7008281281, 7044710401, 7060684801, 7135704577, 7214407201,
7238246401, 7380172801, 7393351681, 7547379841, 7576977409, 7645397761,
7665307651, 7695367681, 7749181441, 7892684801, 7984005121, 8009464321,
8176328161, 8196249601, 8245036801, 8375910401, 8543428609, 8737597441,
8742666241, 8782405633, 8919630721, 9198369181, 9234441217, 9367142401,
9514272769, 9583974401, 9594224641, 9708441601, 9908355073, 10493683201,
10512421921, 10679285761, 10821610801, 10873454593, 11070259201,
11193262081, 11405721601, 11611353601, 11680468801, 11709874177,
11921817601, 12163132801, 12367555201, 12459166721, 12628295681,
12666931201, 13442457601, 13511393281, 13530316801, 13591818241,
13627213601, 13722508801, 13800923137, 13991577601, 14375961601,
14476492801, 14717390689, 14827438081, 14970009601, 15094759681,
15290795521, 15498362881, 15533506561, 15857121281, 15886540801,
15924142081, 15968010241, 16236380161, 16352656321, 16467010561,
16490073601, 16724307601, 16819875073, 17048199169, 17396121601,
17589411841, 17792925697, 17923276801, 19372953601, 20023660801,
20295475201, 20910489601, 21232189441, 21623347201, 21643221601,
21843993601, 21956014081, 22299076801, 22518988801, 22748774401,
23001538561, 23086103041, 23300259841, 24735110401, 24770887681,
25830604801, 28302674401, 28782673921, 28857628801, 29902000129,
30443212801, 30581591041, 31137619969, 31147916801, 32435020801,
32620363777, 33448615201, 35178823681, 36593356801, 37156331521,
37638881281, 38335897601, 38745907201, 38922024961, 39246375169,
40590950401, 41167526401, 41402769409, 41974732801, 42814227457,
43127884801, 43687987201, 44598153601, 44773048321, 44853000193,
45229916161, 45284279041, 46172206081, 46445414401, 46721875201,
47971123201, 48303230977, 48652531201, 48791142401, 49250353153,
49470220801, 50315865601, 51753461761, 53080473601, 55602892801,
58250649601, 59464204801, 59880038401, 60070982401, 61163182081,
61927219201, 63546163201, 63696568321, 64691827201, 65240727553,
65410625281, 65569996801, 67556966401, 67959091201, 69194711041,
69258309121, 73875529729, 73933516801, 74755000321, 75277762561,
76890857473, 77491814401, 77667532801, 79620710401, 79840051201,
82805538817, 83949465601, 86255769601, 90568558081, 90612121601,
92006154241, 98940441601, 102604902401, 105536471041, 106792857601,
107035568641, 108734545921, 110813294593, 112132500481, 113210697601,
119608000513, 119760076801, 124550479873, 129740083201, 138516618241,
143913369601, 149510000641, 150766387201, 150947596801, 152907955201,
158304706561, 172511539201, 175648112641, 179412000769, 189424435201,
190285455361, 199346667521, 201263462401, 219560140801, 222937989121,
223865241601, 224265000961, 228342546433, 235478251009, 237856819201,
253713940481, 261642501121, 268351283201, 278672486401, 284780953601,
295734067201, 301895193601, 311376199681, 326203637761, 327053126401,
329340211201, 345023078401, 348856668161, 358824001537, 389220249601,
407754547201, 418628001793, 445875978241, 475713638401, 490579689601,
527682355201, 640757145601, 658680422401, 685027639297, 743126630401,
778440499201, 840993753601, 854342860801, 856284549121, 886506356737,
897060003841, 923444121601, 951427276801, 1073405132801, 1076472004609,
1108132945921, 1231258828801, 1281514291201, 1308212505601,
1317360844801, 1395426672641, 1471739068801, 1681987507201,
1811371161601, 2152944009217, 2354782510081, 2634721689601,
2770332364801, 3805709107201, 4709565020161, 4830323097601,
5886956275201, 12558840053761, 17125690982401, 34251381964801,
53823600230401, 125588400537601]
