313: [19, 23, 29, 31, 37, 41, 43, 53, 61, 67, 71, 73, 79, 89, 101, 103, 127, 131, 137, 151, 157, 181, 197, 199, 211, 239, 281, 307, 313, 331, 409, 421, 443, 463, 491, 521, 547, 601, 613, 617, 631, 661, 701, 727, 859, 883, 911, 937, 953, 991, 1021, 1051, 1093, 1123, 1171, 1301, 1321, 1327, 1429, 1453, 1471, 1531, 1667, 1801, 1871, 1951, 2003, 2143, 2311, 2341, 2381, 2521, 2549, 2551, 2731, 2857, 2861, 3061, 3301, 3389, 3433, 3529, 3571, 3631, 3823, 3851, 4201, 4357, 4421, 4621, 4951, 4999, 5101, 5237, 5851, 5881, 6007, 6121, 6301, 6469, 6553, 7151, 7351, 7481, 8009, 8191, 8581, 8713, 8821, 9241, 9283, 9439, 9901, 10711, 10781, 10891, 11467, 11551, 11701, 12101, 12343, 12377, 12601, 14281, 15289, 15401, 15731, 15913, 16381, 16661, 16831, 17851, 18701, 19801, 19891, 19993, 20021, 22051, 22441, 23801, 25411, 25741, 26951, 27847, 28051, 29173, 29401, 29989, 30493, 30941, 32341, 34651, 36037, 36653, 41141, 41651, 42043, 42841, 42901, 43759, 44101, 44201, 46411, 49369, 50051, 50821, 51481, 52361, 53551, 54601, 54979, 56101, 57331, 62921, 66067, 66301, 72073, 72931, 76231, 76441, 77351, 78541, 79561, 81901, 84701, 87517, 91631, 92821, 97021, 97241, 99961, 101641, 102103, 107101, 114661, 117811, 120121, 124951, 126127, 142297, 145861, 150151, 152461, 157081, 166601, 180181, 185131, 185641, 198901, 200201, 213929, 229321, 232051, 235621, 235951, 237161, 242551, 243101, 252253, 257401, 259183, 286651, 291721, 299881, 300301, 308309, 308551, 324871, 330331, 345577, 366521, 370261, 420421, 426889, 440441, 450451, 471241, 471901, 476477, 499801, 600601, 604759, 612613, 660661, 680681, 719951, 729301, 740521, 749701, 770771, 792793, 802231, 824671, 889351, 962677, 970201, 1036729, 1051051, 1067221, 1093951, 1178101, 1191191, 1209517, 1261261, 1401401, 1458601, 1604461, 1624351, 1649341, 1849849, 1851301, 2015861, 2144143, 2187901, 2312311, 2419033, 2620619, 2668051, 2879801, 3208921, 3248701, 3298681, 3369367, 4873051, 4954951, 5105101, 5183641, 5336101, 5348201, 7257097, 8576569, 8639401, 9359351, 9909901, 10482473, 10672201, 10720711, 16044601, 19819801, 21441421, 26206181, 27747721, 28078051, 42882841, 46246201, 48133801, 60475801, 69369301, 78618541, 112312201, 157237081, 181427401, 471711241]

565: [23, 29, 31, 37, 41, 43, 53, 61, 67, 71, 73, 89, 97, 103, 109, 113,
127, 131, 137, 157, 163, 181, 191, 199, 211, 229, 239, 241, 271, 281,
307, 313, 331, 337, 353, 379, 397, 409, 419, 421, 433, 443, 457, 463,
487, 521, 541, 547, 571, 613, 617, 631, 647, 661, 673, 757, 761, 811,
859, 881, 911, 919, 937, 953, 1009, 1021, 1093, 1123, 1171, 1249, 1297,
1321, 1327, 1361, 1429, 1483, 1531, 1597, 1621, 1783, 1871, 1873, 2003,
2017, 2053, 2081, 2143, 2161, 2269, 2281, 2311, 2341, 2377, 2381, 2521,
2593, 2731, 2857, 2861, 2927, 2971, 3041, 3061, 3079, 3121, 3169, 3361,
3433, 3511, 3571, 3673, 3697, 3877, 3889, 4159, 4421, 4447, 4523, 4561,
4591, 4621, 4789, 4861, 5237, 5281, 5347, 6007, 6121, 6271, 6427, 6481,
6553, 6689, 6733, 6841, 6917, 7129, 7411, 7481, 7561, 7723, 7753, 8009,
8161, 8191, 8209, 8263, 8317, 8581, 8737, 8779, 8893, 9181, 9241, 9283,
9521, 9721, 9829, 10099, 10337, 10531, 10711, 11287, 11971, 12241,
12377, 12541, 12637, 12853, 13339, 13567, 13681, 13729, 14281, 14561,
14821, 15121, 15391, 15913, 16381, 16417, 16633, 16831, 17011, 17137,
17291, 17443, 17681, 18089, 18481, 19441, 19891, 20021, 20521, 20593,
20749, 21061, 21319, 21737, 21841, 22441, 22573, 23167, 23563, 23761,
23869, 24481, 24571, 25741, 25841, 26209, 26731, 27361, 27541, 27847,
28081, 28513, 28729, 29173, 29641, 29921, 30097, 30241, 30781, 30941,
31123, 33049, 34273, 35531, 35569, 35803, 35911, 36037, 36721, 37423,
38039, 38557, 38611, 39313, 39521, 40699, 42841, 43093, 43759, 43891,
45361, 46171, 46411, 47521, 47737, 47881, 48049, 48907, 51481, 51871,
52361, 53353, 53857, 55441, 56431, 57457, 58787, 59281, 59671, 60589,
61561, 63649, 63841, 65521, 66529, 68041, 69499, 70687, 71821, 72073,
72353, 72931, 74257, 75583, 77521, 78541, 79561, 87211, 87517, 90289,
92821, 96097, 97241, 97813, 99793, 100981, 101089, 102103, 105337,
106591, 106921, 108109, 108529, 110161, 110881, 114913, 115831, 116689,
117041, 117937, 120121, 123121, 123553, 124489, 128521, 129277, 131041,
131671, 134369, 135433, 135661, 139537, 140449, 145861, 146719, 148513,
149689, 151471, 156979, 157081, 161569, 163021, 167077, 177841, 180181,
185641, 186733, 187111, 196561, 201961, 207481, 209441, 213181, 215461,
216217, 217057, 217361, 225721, 231661, 235621, 238681, 246241, 251941,
261631, 269281, 270271, 277993, 279073, 280099, 287281, 289171, 291721,
300961, 302941, 314161, 320113, 332641, 338581, 342343, 351121, 363529,
369361, 371281, 377911, 388961, 391249, 393121, 406981, 417691, 424117,
427681, 430921, 432433, 445537, 451441, 456457, 461891, 462673, 463321,
471241, 480169, 489061, 498961, 501229, 511633, 514081, 523261, 526681,
540541, 554269, 565489, 568481, 572833, 589681, 608609, 612613, 617761,
648649, 651169, 652081, 656371, 680681, 697681, 700129, 711019, 733591,
738721, 748441, 782497, 790021, 800281, 813961, 816817, 859249, 895357,
908821, 1027027, 1053361, 1058149, 1074061, 1098847, 1108537, 1133731,
1211761, 1253071, 1264033, 1297297, 1354321, 1369369, 1389961, 1465129,
1492261, 1569781, 1575289, 1580041, 1621621, 1633633, 1670761, 1680589,
1769041, 1790713, 1813969, 1831411, 1837837, 1867321, 1939939, 1969111,
2093041, 2197693, 2200771, 2217073, 2238391, 2282281, 2351441, 2370061,
2400841, 2423521, 2489761, 2585521, 2625481, 2645371, 2720953, 2771341,
2800981, 2934361, 2984521, 3007369, 3150577, 3233231, 3361177, 3627937,
3759211, 3837241, 3912481, 3979361, 4084081, 4157011, 4232593, 4324321,
4476781, 4481569, 4604689, 5135131, 5250961, 5372137, 5654881, 5868721,
5907331, 6014737, 6046561, 6162157, 6348889, 6361741, 6651217, 6715171,
6846841, 7162849, 7674481, 7783777, 8125921, 8162857, 8168161, 9189181,
9523333, 9603361, 9767521, 10501921, 10563697, 11027017, 11376289,
11737441, 12471031, 12558241, 12697777, 12723481, 13783771, 14220361,
15405391, 17907121, 18486469, 18960481, 21976921, 22407841, 24942061,
27209521, 27387361, 28440721, 31744441, 32232817, 35814241, 37413091,
38093329, 41081041, 43953841, 46046881, 46216171, 46558513, 52378327,
52818481, 53721361, 64465633, 67223521, 69070321, 76186657, 89791417,
95233321, 107442721, 110270161, 138140641, 174594421, 193396897,
232792561, 261891631, 369729361, 419026609, 571399921, 739458721,
966984481, 2514159649, 6285399121]

741: [19, 23, 29, 31, 37, 41, 43, 53, 61, 71, 73, 79, 89, 97, 101, 103, 113, 127, 131, 137, 151, 157, 181, 193, 197, 199, 211, 239, 241, 257, 281, 307, 313, 331, 337, 353, 397, 401, 409, 421, 443, 449, 463, 491, 521, 547, 577, 601, 613, 617, 631, 641, 661, 673, 727, 769, 859, 881, 883, 911, 937, 953, 991, 1009, 1021, 1051, 1093, 1123, 1153, 1171, 1201, 1249, 1301, 1321, 1327, 1361, 1429, 1453, 1471, 1531, 1601, 1667, 1801, 1871, 1873, 1951, 2003, 2017, 2081, 2113, 2143, 2179, 2311, 2341, 2381, 2521, 2549, 2551, 2689, 2731, 2801, 2857, 2861, 3061, 3121, 3137, 3169, 3301, 3329, 3361, 3389, 3433, 3529, 3571, 3631, 3697, 3823, 3851, 4201, 4357, 4421, 4481, 4621, 4801, 4951, 4993, 4999, 5101, 5237, 5281, 5441, 5851, 5881, 6007, 6121, 6301, 6337, 6469, 6529, 6553, 6733, 7057, 7151, 7351, 7393, 7481, 7841, 8009, 8161, 8191, 8581, 8713, 8737, 8821, 9241, 9283, 9439, 9521, 9601, 9857, 9901, 10193, 10711, 10781, 10891, 11467, 11551, 11617, 11701, 11969, 12101, 12241, 12343, 12377, 12601, 13441, 13553, 13729, 14081, 14281, 14401, 14561, 15233, 15289, 15401, 15601, 15731, 15913, 16381, 16661, 16831, 17137, 17681, 17851, 18481, 18701, 19801, 19891, 19993, 20161, 20593, 21121, 21841, 22051, 22441, 23297, 23563, 23801, 24481, 25169, 25411, 25741, 25873, 26209, 26881, 26951, 27457, 27847, 28051, 28289, 29173, 29569, 29921, 29989, 30493, 30577, 30941, 30977, 32341, 33151, 33601, 34273, 34651, 34849, 35201, 35281, 36037, 36653, 37441, 37633, 40801, 41141, 41651, 42043, 42433, 42841, 42901, 43759, 44101, 44201, 45697, 46411, 47041, 48049, 49369, 49921, 50051, 50821, 51481, 52361, 53551, 53857, 54401, 54601, 54979, 55441, 56101, 56629, 57331, 61153, 62401, 62921, 63361, 63649, 65521, 66067, 66301, 68993, 69697, 71809, 72073, 72931, 74257, 76231, 76441, 77351, 77617, 78401, 78541, 79201, 79561, 81901, 83777, 84701, 87121, 87517, 91393, 91631, 92401, 92821, 93601, 96097, 97021, 97241, 98561, 98737, 99961, 100673, 100801, 101641, 101921, 102103, 105601, 107101, 107713, 109201, 110881, 114661, 116689, 117811, 119953, 120121, 122401, 124951, 126127, 127051, 127297, 129361, 131041, 134401, 137089, 139393, 141121, 142297, 143617, 145601, 145861, 146609, 148513, 150151, 151009, 152461, 157081, 159937, 166601, 174241, 174721, 176401, 177409, 180181, 183041, 185131, 185641, 192193, 193601, 198017, 198901, 199921, 200201, 209441, 212161, 213929, 218401, 224401, 229321, 232051, 235621, 235951, 237161, 242551, 243101, 252253, 254593, 257401, 258721, 259183, 269281, 274177, 282241, 282881, 284593, 286651, 291721, 299881, 300301, 305761, 308309, 308551, 314161, 316801, 324871, 325249, 329473, 330331, 345577, 346529, 350351, 359041, 366521, 370261, 371281, 377521, 388081, 388961, 406561, 411841, 420421, 426889, 428401, 436801, 440441, 445537, 448801, 450451, 471241, 471901, 476477, 485101, 487873, 489217, 495041, 499801, 519793, 530401, 538561, 542081, 549121, 560561, 571201, 576577, 586433, 600601, 604759, 612613, 620929, 622337, 660661, 673201, 680681, 689921, 691153, 696961, 700129, 719951, 729301, 739201, 740521, 748801, 749701, 770771, 792793, 795601, 802231, 813121, 816817, 824671, 840841, 855713, 879649, 889351, 896897, 897601, 917281, 940801, 943801, 959617, 960961, 962677, 970201, 979201, 987361, 1005313, 1006721, 1016401, 1029601, 1036729, 1051051, 1067221, 1093951, 1108801, 1132561, 1138369, 1153153, 1178101, 1191191, 1199521, 1201201, 1209517, 1261261, 1272961, 1281281, 1393921, 1401401, 1422961, 1458601, 1481041, 1599361, 1604461, 1624351, 1633633, 1645601, 1647361, 1649341, 1713601, 1727881, 1747201, 1795201, 1849849, 1851301, 1867009, 1921921, 1940401, 1951489, 2015861, 2069761, 2073457, 2079169, 2114113, 2121601, 2144143, 2154241, 2187901, 2199121, 2276737, 2312311, 2345729, 2399041, 2402401, 2419033, 2513281, 2591821, 2620619, 2665601, 2668051, 2690689, 2692801, 2764609, 2800513, 2818817, 2879801, 3015937, 3020161, 3049201, 3104641, 3141601, 3198721, 3208921, 3225377, 3248701, 3252481, 3298681, 3369367, 3455761, 3465281, 3699697, 3712801, 3775201, 3843841, 3880801, 3949441, 4036033, 4084081, 4158337, 4268881, 4356353, 4398241, 4455361, 4553473, 4798081, 4873051, 4878721, 4950401, 4954951, 5105101, 5134273, 5174401, 5183641, 5241601, 5285281, 5336101, 5348201, 5381377, 5834401, 5864321, 5924161, 6098401, 6283201, 6342337, 6417841, 6806801, 6854401, 7047041, 7257097, 7338241, 7425601, 7550401, 7701409, 7796881, 8168161, 8236801, 8377601, 8408401, 8576569, 8639401, 8796481, 9060481, 9335041, 9596161, 9609601, 9757441, 9801793, 9909901, 10395841, 10482473, 10672201, 10720711, 10890881, 10995601, 11058433, 11519201, 11531521, 11995201, 12033451, 12475009, 13823041, 13861121, 14229601, 14414401, 14514193, 15402817, 15855841, 16044601, 17075521, 17503201, 17592961, 19819801, 20180161, 21441421, 22870849, 23696641, 23990401, 24393601, 25225201, 25671361, 26206181, 26954929, 27646081, 27747721, 28078051, 28828801, 29702401, 30201601, 30830801, 31187521, 32089201, 34306273, 37699201, 39207169, 41929889, 42882841, 44396353, 44553601, 44924881, 45302401, 46076801, 46246201, 46675201, 48133801, 48380641, 51836401, 51979201, 52778881, 52852801, 55495441, 57177121, 59899841, 60475801, 62375041, 69115201, 69369301, 70012801, 70470401, 77014081, 77968801, 78618541, 79279201, 80634401, 85377601, 85765681, 89849761, 91483393, 100900801, 103958401, 105557761, 112312201, 116113537, 120951601, 123323201, 138230401, 142942801, 145141921, 155937601, 157237081, 165876481, 167719553, 181427401, 196035841, 221981761, 239599361, 251579329, 256713601, 276460801, 285885601, 295975681, 308056321, 341510401, 369969601, 377368993, 419298881, 443963521, 471711241, 503158657, 539098561, 598998401, 628948321, 634233601, 762361601, 898497601, 967612801, 1078197121, 1161135361, 1347746401, 1372250881, 1451419201, 1796995201, 2156394241, 2219817601, 5031586561, 6861254401, 7547379841, 15094759681]

1011 : [19, 23, 29, 31, 41, 43, 53, 61, 67, 71, 73, 79, 89, 97, 101, 103, 113,
127, 131, 137, 151, 157, 181, 193, 197, 199, 211, 239, 241, 257, 281,
307, 313, 331, 337, 353, 397, 401, 409, 421, 443, 449, 463, 491, 521,
547, 577, 601, 613, 617, 631, 641, 661, 673, 701, 727, 769, 859, 881,
883, 911, 937, 953, 991, 1009, 1021, 1051, 1093, 1123, 1153, 1171, 1201,
1249, 1301, 1321, 1327, 1361, 1409, 1429, 1471, 1531, 1601, 1801, 1871,
1873, 1951, 2003, 2017, 2081, 2113, 2143, 2179, 2311, 2341, 2381, 2521,
2549, 2551, 2689, 2731, 2801, 2857, 2861, 3061, 3121, 3137, 3169, 3301,
3329, 3361, 3389, 3433, 3529, 3571, 3631, 3697, 3823, 3851, 4201, 4357,
4421, 4481, 4621, 4801, 4951, 4993, 4999, 5101, 5237, 5281, 5441, 5851,
5881, 6007, 6301, 6337, 6469, 6529, 6553, 6733, 7057, 7151, 7351, 7393,
7481, 7489, 7681, 7841, 8009, 8161, 8191, 8581, 8713, 8737, 8821, 9241,
9283, 9439, 9521, 9601, 9857, 9901, 10193, 10711, 10753, 10781, 10891,
11467, 11551, 11617, 11701, 11969, 12101, 12241, 12289, 12343, 12377,
12601, 13313, 13441, 13553, 13729, 14081, 14281, 14401, 14561, 15233,
15289, 15361, 15401, 15601, 15731, 15913, 16381, 16661, 16831, 17137,
17681, 17851, 17921, 18433, 18481, 18701, 19801, 19891, 19993, 20021,
20161, 20593, 21121, 21841, 22051, 22441, 23041, 23297, 23563, 23801,
24481, 25169, 25411, 25601, 25741, 25873, 26113, 26209, 26881, 26951,
27457, 27847, 28051, 28289, 29173, 29401, 29569, 29921, 29989, 30493,
30577, 30941, 30977, 32257, 32341, 33151, 33601, 34273, 34651, 34849,
35201, 35281, 36037, 36653, 37441, 37633, 39937, 40801, 41141, 41651,
42043, 42433, 42841, 42901, 43759, 44101, 44201, 45697, 46411, 47041,
48049, 49369, 49921, 50051, 50177, 50821, 51481, 52361, 53551, 53857,
54401, 54601, 54979, 55441, 56101, 56629, 57331, 57601, 61153, 61441,
62401, 62921, 63361, 63649, 64513, 65521, 66067, 66301, 68993, 69697,
71809, 72073, 72931, 74257, 76231, 76441, 76801, 77351, 77617, 78401,
78541, 79201, 79561, 79873, 81901, 83777, 84481, 84701, 86017, 87041,
87121, 87517, 91393, 91631, 92401, 92821, 93601, 97021, 97241, 98561,
98737, 99961, 100673, 100801, 101377, 101641, 101921, 102103, 105601,
107101, 107713, 109201, 110881, 113153, 114661, 115201, 116689, 117811,
118273, 119953, 120121, 122401, 125441, 126127, 127051, 127297, 129361,
131041, 133121, 134401, 137089, 139393, 141121, 142297, 143617, 145601,
145861, 146609, 148513, 150151, 151009, 152461, 157081, 159937, 161281,
166601, 174241, 174721, 176401, 180181, 183041, 184321, 185131, 185641,
192193, 193601, 198017, 198901, 199921, 200201, 202753, 209441, 212161,
213929, 218401, 219649, 224401, 229321, 232051, 232961, 235621, 235951,
237161, 242551, 243101, 252253, 254593, 257401, 258721, 259183, 269281,
274177, 275969, 279553, 282241, 282881, 284593, 286651, 287233, 291721,
299521, 300301, 301057, 305761, 307201, 308309, 308551, 316801, 324871,
325249, 329473, 330331, 345577, 346529, 350351, 359041, 365569, 366521,
370261, 371281, 377521, 388081, 388961, 394241, 406561, 411841, 419329,
420421, 426889, 428401, 430081, 436801, 440441, 445537, 448801, 450451,
471241, 471901, 473089, 476477, 485101, 487873, 489217, 495041, 495617,
499801, 519793, 530401, 538561, 542081, 549121, 560561, 571201, 576577,
586433, 600601, 604759, 612613, 620929, 622337, 660661, 673201, 675841,
680681, 689921, 691153, 696961, 700129, 719951, 729301, 739201, 740521,
748801, 749701, 765953, 770771, 783361, 792793, 795601, 800801, 802231,
813121, 816817, 824671, 838657, 840841, 855713, 878593, 879649, 889351,
896897, 897601, 913921, 917281, 921601, 929281, 940801, 943801, 946177,
959617, 960961, 962677, 970201, 979201, 985601, 987361, 1005313,
1006721, 1016401, 1029601, 1036729, 1051051, 1067221, 1075201, 1093951,
1103873, 1108801, 1132561, 1138369, 1153153, 1178101, 1191191, 1198081,
1199521, 1201201, 1209517, 1239041, 1261261, 1272961, 1393921, 1397761,
1401401, 1422961, 1458601, 1481041, 1599361, 1604461, 1610753, 1624351,
1630721, 1633633, 1645601, 1647361, 1649341, 1655809, 1689601, 1713601,
1727881, 1742401, 1747201, 1795201, 1830401, 1849849, 1851301, 1867009,
1881601, 1921921, 1940401, 1951489, 2015861, 2069761, 2073457, 2079169,
2114113, 2121601, 2144143, 2154241, 2187901, 2199121, 2276737, 2297857,
2312311, 2323201, 2345729, 2399041, 2402401, 2419033, 2437121, 2483713,
2513281, 2534401, 2591821, 2620619, 2665601, 2668051, 2690689, 2692801,
2715649, 2764609, 2795521, 2800513, 2818817, 2879801, 3015937, 3020161,
3049201, 3104641, 3133441, 3141601, 3159553, 3168257, 3198721, 3208921,
3225377, 3248701, 3252481, 3369367, 3394561, 3455761, 3465281, 3469313,
3548161, 3655681, 3699697, 3712801, 3775201, 3843841, 3880801, 3942401,
3949441, 3993601, 4021249, 4036033, 4084081, 4158337, 4264961, 4268881,
4308481, 4356353, 4398241, 4455361, 4553473, 4612609, 4646401, 4798081,
4832257, 4873051, 4878721, 4950401, 4954951, 5091841, 5105101, 5117953,
5134273, 5174401, 5183641, 5203969, 5222401, 5241601, 5285281, 5336101,
5348201, 5381377, 5483521, 5591041, 5644801, 5834401, 5864321, 5913601,
5924161, 5990401, 6071297, 6098401, 6283201, 6342337, 6417841, 6789121,
6806801, 6854401, 6899201, 7047041, 7257097, 7338241, 7425601, 7434241,
7550401, 7701409, 7796881, 7833601, 7920641, 8168161, 8236801, 8377601,
8408401, 8557121, 8576569, 8639401, 8796481, 8870401, 9031681, 9060481,
9139201, 9225217, 9335041, 9359351, 9596161, 9609601, 9757441, 9784321,
9801793, 9909901, 10183681, 10395841, 10482473, 10483201, 10531841,
10672201, 10720711, 10890881, 10967041, 10995601, 11038721, 11058433,
11202049, 11289601, 11315201, 11519201, 11531521, 11995201, 12033451,
12080641, 12390401, 12418561, 12475009, 12812801, 13009921, 13178881,
13578241, 13823041, 13861121, 14229601, 14257153, 14350337, 14361601,
14414401, 14514193, 15052801, 15402817, 15855841, 16044601, 16307201,
16816801, 17059841, 17075521, 17233921, 17503201, 17592961, 18213889,
18278401, 18670081, 18849601, 19009537, 19192321, 19568641, 19819801,
19869697, 20180161, 20697601, 21441421, 21964801, 22870849, 23482369,
23696641, 23990401, 24837121, 25225201, 25276417, 25671361, 26019841,
26138113, 26206181, 26329601, 26954929, 27320833, 27596801, 27646081,
27747721, 27955201, 28078051, 28148737, 28828801, 29702401, 30201601,
30830801, 31187521, 32089201, 33510401, 33825793, 33945601, 34306273,
34467841, 35642881, 36241921, 37699201, 39207169, 41074177, 41929889,
42127361, 42882841, 43084801, 43929601, 44396353, 44553601, 44924881,
45101057, 45302401, 46076801, 46126081, 46246201, 46675201, 48133801,
48380641, 49674241, 51606017, 51836401, 51979201, 52039681, 52778881,
52852801, 54765569, 55444481, 55495441, 55756801, 57177121, 57987073,
58705921, 59899841, 60318721, 60475801, 62375041, 63191041, 63423361,
63974401, 64576513, 65894401, 66533377, 69115201, 69369301, 70012801,
70371841, 70470401, 71285761, 76876801, 77014081, 77968801, 78059521,
78618541, 79279201, 80634401, 82790401, 85377601, 85765681, 86102017,
86732801, 89849761, 91069441, 91483393, 96645121, 97843201, 99348481,
100900801, 103958401, 105557761, 110584321, 111513601, 112312201,
116113537, 120806401, 120951601, 123323201, 127948801, 130690561,
136913921, 138230401, 142942801, 145141921, 150796801, 155937601,
157237081, 161441281, 165876481, 166333441, 167719553, 168892417,
172339201, 176934913, 181427401, 195686401, 196035841, 199600129,
209104897, 221981761, 224040961, 234572801, 237619201, 241274881,
251579329, 256713601, 258306049, 276460801, 285885601, 295975681,
301593601, 308056321, 328593409, 332666881, 337784833, 341510401,
351859201, 362419201, 369969601, 377368993, 383358977, 392071681,
419298881, 430510081, 442337281, 443963521, 471711241, 483225601,
496742401, 499000321, 503158657, 522762241, 539098561, 547655681,
560102401, 591951361, 598998401, 628948321, 631910401, 634233601,
645765121, 676515841, 703718401, 737228801, 762361601, 767692801,
774090241, 784143361, 844462081, 845644801, 898497601, 947122177,
967612801, 1014773761, 1076275201, 1078197121, 1150076929, 1161135361,
1268467201, 1347746401, 1366041601, 1372250881, 1451419201, 1568286721,
1796995201, 2156394241, 2219817601, 2322270721, 2654023681, 2732083201,
2875192321, 2959756801, 3096360961, 3136573441, 3317529601, 3715633153,
3833589761, 4025269249, 5031586561, 5160601601, 6161126401, 6192721921,
6861254401, 6900461569, 7547379841, 7892684801, 9583974401, 11611353601,
13722508801, 14375961601, 15094759681, 21956014081, 36593356801,
43127884801, 46445414401, 48303230977, 50315865601, 86255769601,
150947596801, 172511539201, 201263462401, 301895193601]
