2037 : [73, 41, 61, 181, 43, 127, 71, 281, 211, 421, 631, 2521, 89, 67, 199,
397, 331, 661, 1321, 991, 617, 463, 2311, 4621, 9241, 53, 79, 157, 313,
937, 131, 521, 1171, 2341, 547, 1093, 6553, 911, 2731, 8191, 16381, 859,
3433, 2861, 8581, 25741, 51481, 2003, 8009, 6007, 36037, 72073, 20021,
120121, 180181, 137, 103, 409, 307, 613, 1021, 1531, 3061, 6121, 239,
953, 1429, 2857, 2143, 2381, 3571, 14281, 10711, 42841, 1123, 6733,
1871, 7481, 22441, 16831, 5237, 23563, 52361, 78541, 157081, 117811,
235621, 471241, 443, 1327, 15913, 4421, 19891, 79561, 12377, 9283,
27847, 30941, 92821, 185641, 29173, 43759, 87517, 97241, 72931, 145861,
291721, 102103, 612613, 680681, 229, 457, 191, 761, 571, 2281, 6841,
1597, 4789, 11971, 47881, 419, 6271, 12541, 2927, 8779, 105337, 43891,
131671, 526681, 1483, 4447, 8893, 7411, 14821, 29641, 6917, 20749,
31123, 124489, 17291, 51871, 207481, 21737, 48907, 97813, 163021,
489061, 38039, 456457, 342343, 1369369, 2282281, 6846841, 647, 3877,
7753, 19381, 4523, 18089, 13567, 40699, 135661, 406981, 813961, 21319,
35531, 106591, 213181, 1279081, 895357, 1790713, 1492261, 2984521,
2238391, 4476781, 75583, 302329, 251941, 377911, 58787, 1058149,
2645371, 554269, 1108537, 461891, 2771341, 4157011, 1939939, 3233231,
47, 139, 277, 829, 1657, 461, 691, 1381, 1289, 967, 1933, 11593, 3221,
4831, 9661, 1013, 3037, 6073, 9109, 18217, 2531, 7591, 45541, 91081,
10627, 70841, 106261, 318781, 599, 2393, 7177, 21529, 5981, 8971,
107641, 25117, 150697, 62791, 131561, 197341, 296011, 138139, 276277,
828829, 920921, 1381381, 2762761, 2347, 7039, 3911, 15641, 11731, 70381,
140761, 10949, 98533, 109481, 51613, 77419, 258061, 774181, 541927,
602141, 903211, 1806421, 20333, 121993, 203321, 304981, 914941, 426973,
2561833, 355811, 2134861, 4269721, 6404581, 111827, 1118261, 3354781,
6709561, 20128681, 782783, 2348347, 7045039, 140900761, 7867, 15733,
8741, 157321, 24473, 36709, 73417, 91771, 550621, 28843, 173053, 432631,
865261, 134597, 336491, 4037881, 102259, 204517, 409033, 113621, 318137,
954409, 1431613, 1193011, 7158061, 749893, 2499641, 3749461, 5624191,
1749749, 2624623, 10498489, 17497481, 13123111, 52492441, 78738661,
29717, 133723, 534889, 297161, 445741, 891481, 668611, 624037, 1872109,
3744217, 520031, 2080121, 1961257, 9806281, 29418841, 41186377,
17160991, 2897311, 2704157, 8112469, 48674809, 40562341, 121687021,
892371481, 2677114441, 59, 233, 349, 523, 2089, 1741, 2437, 7309, 6091,
36541, 1277, 5743, 3191, 19141, 38281, 28711, 8933, 13399, 53593,
133981, 267961, 200971, 9049, 7541, 11311, 22621, 33931, 135721, 5279,
63337, 158341, 316681, 950041, 99529, 248821, 373231, 522523, 2090089,
870871, 1741741, 3483481, 1973, 11833, 17749, 4931, 29581, 44371, 88741,
177481, 20707, 41413, 62119, 248473, 34511, 138041, 207061, 310591,
1242361, 10847, 195229, 108461, 162691, 650761, 303689, 683299, 1366597,
1138831, 2277661, 4555321, 13665961, 153817, 115363, 64091, 192271,
769081, 179453, 269179, 538357, 448631, 1794521, 2691781, 8075341,
845989, 5075929, 2114971, 4229941, 6344911, 12689821, 14804791,
59219161, 177657481, 1103, 4409, 3307, 99181, 23143, 92569, 69427,
77141, 462841, 347131, 694261, 72733, 60611, 242441, 169709, 424271,
1272811, 5091241, 3818431, 15273721, 42979, 257869, 515737, 143261,
214891, 859561, 644671, 1289341, 3610153, 1002821, 1504231, 6016921,
2836549, 5673097, 9455161, 14182741, 3309307, 19855837, 39711673,
22062041, 16546531, 33093061, 337213, 374681, 562021, 1124041, 786829,
1180243, 2622761, 1967071, 3709333, 3091111, 6182221, 12364441,
37093321, 5770073, 17310217, 51930649, 64913311, 43837561, 25571911,
51143821, 10715849, 8036887, 26789621, 120553291, 56258203, 337549213,
562582021, 4003, 12007, 26681, 20011, 46691, 186761, 140071, 560281,
176089, 264133, 440221, 1232617, 924463, 3697849, 1027181, 4622311,
18489241, 52027, 104053, 624313, 86711, 1040521, 1560781, 3121561,
242789, 364183, 606971, 10925461, 190763, 1144573, 8584291, 20030011,
22679, 136069, 680341, 4082041, 158747, 5714857, 2381191, 9524761,
1496749, 1247291, 3492413, 10477237, 8731031, 34924121, 26193091,
78579271, 157158541, 3537769, 2653327, 4422211, 8844421, 26533261,
18573283, 74293129, 61910941, 58373173, 136204069, 340510171, 681020341,
4086122041, 76039, 152077, 304153, 1140571, 532267, 1064533, 6387193,
2661331, 10645321, 278807, 50185081, 11709853, 658997, 2965483,
14827411, 27677833, 11532431, 34597291, 14497913, 253713461, 761140381,
4566842281, 430883, 2585293, 7755877, 15511753, 6463231, 12926461,
19389691, 135727831, 542911321, 28438213, 42657319, 94794041, 284382121,
853146361, 597202453, 1990674841, 5972024521, 100826389, 201652777,
84021991, 39210263, 392102621, 1176307861, 7057847161, 1232322521,
1848483781, 2772725671, 1293938647, 2156564411, 8626257641, 77636318761,
373, 1117, 311, 1861, 2791, 5581, 11161, 1303, 5209, 3907, 8681, 26041,
19531, 78121, 683, 2729, 4093, 12277, 61381, 122761, 14323, 42967,
85933, 47741, 214831, 429661, 859321, 1613, 29017, 24181, 16927, 28211,
84631, 507781, 1015561, 8867, 53197, 159589, 88661, 186187, 1117117,
2234233, 930931, 1861861, 3723721, 4217, 3163, 18973, 63241, 47431,
44269, 66403, 332011, 23189, 104347, 347821, 695641, 486949, 973897,
2921689, 1623161, 14608441, 246637, 1233181, 383657, 1726453, 1356499,
5425993, 753611, 13564981, 3165163, 9495487, 18990973, 5275271,
31651621, 47477431, 2357, 7069, 42409, 23561, 16493, 49477, 98953,
148429, 41231, 247381, 494761, 371071, 1484281, 12959, 129581, 194371,
1360591, 5442361, 4081771, 8163541, 16327081, 45943, 137827, 229711,
459421, 689131, 2756521, 964783, 535991, 4823911, 673817, 1516087,
1179179, 10612603, 11791781, 70750681, 120157, 901171, 3604681, 1261639,
5046553, 1401821, 8410921, 6308191, 7930297, 1101431, 3304291, 9912871,
4626007, 9252013, 30840041, 138780181, 260339, 3124057, 9372169,
7810141, 15620281, 1822367, 10934197, 21868393, 32802589, 54670981,
17182309, 57274361, 85911541, 60138079, 240552313, 300690391, 601380781,
1804142341, 1427, 21391, 64171, 128341, 39929, 29947, 89839, 359353,
149731, 1796761, 47059, 94117, 282349, 313721, 705871, 988219, 3952873,
549011, 2196041, 1647031, 9882181, 18539, 111229, 166843, 278071,
389299, 778597, 2335789, 11678941, 1835263, 6117541, 12235081, 8564557,
25693669, 7137131, 28548521, 85645561, 64234171, 128468341, 72727,
436357, 727261, 1454521, 1090891, 4363561, 339389, 1527247, 3393881,
15272461, 266663, 11999791, 16799707, 27999511, 111998041, 1890877,
5672629, 1575731, 56726281, 19854199, 39708397, 11030111, 44120441,
41599273, 34666061, 51999091, 623989081, 72798727, 145597453, 436792357,
242662421, 108377, 81283, 2438461, 758633, 1896581, 5689741, 34138441,
596069, 2682307, 5364613, 1490171, 8941021, 25034857, 75104569,
31293571, 93880711, 1408889, 1056667, 2113333, 15849991, 31699981,
7396663, 73966621, 110949931, 23246653, 58116631, 174349891, 348699781,
81363283, 325453129, 135605471, 406816411, 2440898461, 4881796921,
921197, 2763589, 6908971, 41453821, 82907641, 6448373, 58035349,
116070697, 48362791, 20266313, 151997341, 303994681, 227996011,
106398139, 425592553, 1276777657, 1595972071, 11975549, 89816611,
1077799321, 83828837, 209572091, 838288361, 1257432541, 2514865081,
3772297621, 11855792521, 1844234393, 6915878971, 20747636911, 7193,
10789, 21577, 16183, 17981, 107881, 80911, 323641, 226549, 188791,
377581, 118669, 890011, 1780021, 830677, 1661353, 93497, 70123, 701221,
1636181, 514229, 10798789, 8998991, 26996971, 53993941, 107987881,
183397, 550189, 1100377, 1833961, 3851317, 1069811, 3209431, 336227,
20173561, 14121493, 23535821, 70607461, 141214921, 105911191, 14304889,
17881111, 5563013, 100134217, 4370939, 157353769, 131128141, 393384421,
1376845471, 136649, 204973, 614917, 2049721, 3074581, 6149161, 7174021,
43044121, 3382039, 6764077, 1878911, 5636731, 11273461, 16910191,
67640761, 5260949, 7891423, 52609481, 157828441, 1332319, 5329273,
15987817, 13323181, 12434969, 46631131, 186524521, 559573561, 9770333,
14655499, 29310997, 24425831, 293109961, 205176973, 307765459,
2051769721, 1161509, 11615081, 26133931, 24391669, 182937511, 19164883,
114989293, 63882941, 95824411, 574946461, 1149892921, 670770871,
4024625221, 8049250441, 135896437, 226494061, 452988121, 634183369,
83047823, 332191289, 747430399, 1494860797, 7474303981, 2325339017,
1744004263, 5813347541, 8720021311, 34880085241, 26160063931, 620311,
1240621, 578957, 3473737, 2605303, 8684341, 13026511, 1819577, 4094047,
81880921, 12737033, 47763871, 95527741, 16128061, 45158569, 67737853,
75264281, 17740867, 53222599, 59136221, 124186063, 372558187,
1862790931, 7451163721, 8436217, 6327163, 25308649, 42181081, 31635811,
4921127, 14763379, 177160537, 73816891, 295267561, 69598783, 278395129,
1623971581, 4871914741, 109670809, 575771743, 1507973611, 4523920831,
9047841661, 8444652217, 3518605091, 14074420361, 10555815271,
31667445811, 14143069, 47143561, 70715341, 16500247, 33000493,
330004921, 247503691, 51857917, 311147497, 259289581, 181502707,
544508119, 612866281, 919299421, 2574038377, 1430021321, 1072515991,
2145031981, 4290063961, 6435095941, 674152909, 1011229363, 9438140713,
11797675891, 13357343, 120216079, 133573421, 200360131, 1122016729,
2805041821, 8415125461, 2938615241, 6611884291, 20570306681,
30855460021, 61710920041, 185132760121, 173645447, 2083745353,
5209363381, 15628090141, 3646554367, 10939663099, 21879326197,
36465543661, 22921198873, 68763596617, 114605994361, 80224196053,
200560490131, 401120980261, 149, 223, 1481, 2221, 4441, 3331, 6661,
3109, 6217, 4663, 2591, 15541, 31081, 93241, 3257, 9769, 14653, 12211,
24421, 146521, 51283, 205129, 512821, 1025641, 2887, 17317, 14431,
43291, 13469, 80809, 60607, 134681, 202021, 1212121, 63493, 95239,
158731, 952381, 1904761, 666667, 1259, 7549, 45289, 56611, 8807, 52837,
105673, 124543, 69191, 415141, 1245421, 581197, 1743589, 1452991,
5811961, 981241, 114479, 457913, 6868681, 3238093, 10793641, 8095231,
2518517, 7555549, 18888871, 113333221, 4219, 25309, 42181, 126541,
253081, 29527, 59053, 354313, 49211, 15467, 46399, 185593, 927961,
1391941, 108263, 433049, 649573, 974359, 1082621, 1623931, 6495721,
9743581, 164503, 274171, 3290041, 383839, 767677, 1535353, 2303029,
639731, 3838381, 23030281, 1809523, 7238089, 2010581, 9047611, 4222219,
25333309, 84444361, 63333271, 71707, 143413, 358531, 2007769, 3011653,
10038841, 7529131, 30116521, 1577533, 7887661, 23662981, 47325961,
5521363, 55213621, 110427241, 331281721, 310727, 3728713, 5593069,
27965341, 2175083, 19575739, 39151477, 21750821, 65252461, 123047497,
68359721, 51269791, 153809371, 307618741, 143555413, 215333119,
119629511, 478518041, 358888531, 2153331181, 4306662361, 5107, 15319,
30637, 17021, 51061, 102121, 47657, 142969, 107227, 357421, 714841,
56167, 168499, 336997, 374441, 262109, 132757, 265513, 221261, 1327561,
154883, 464647, 929293, 1393939, 2323231, 6969691, 13939381, 27878761,
2920633, 3650791, 14603161, 43809481, 10222213, 34074041, 25555531,
76666591, 306666361, 347209, 520813, 144671, 434011, 2604061, 1215229,
2430457, 1012691, 3038071, 6076141, 12152281, 18228421, 2864467,
3182741, 14322331, 2227919, 20051263, 33418771, 66837541, 401025241,
1128427, 3385279, 6770557, 11284261, 22568521, 7898983, 31595929,
23696947, 47393893, 118484731, 4137563, 24825373, 74476117, 248253721,
372380581, 347555209, 260666407, 434444011, 868888021, 1303332031,
5213328121, 388057, 291043, 323381, 1455211, 226367, 1358197, 2716393,
4074589, 8149177, 6790981, 711437, 4268617, 10671541, 16007311, 7470079,
89640937, 12450131, 448204681, 12611821, 25223641, 2942759, 29427581,
176565481, 529696441, 138730021, 208095031, 194222029, 1165332169,
647406761, 971110141, 1456665211, 1099493, 9895429, 2748731, 98954281,
23089333, 69267997, 230893321, 692679961, 6047207, 362832361, 272124271,
544248541, 42330443, 380973979, 2539826521, 14293397, 64320283,
100053773, 600322633, 250134431, 1000537721, 2251209871, 78613679,
471682069, 943364137, 1179205171, 1650887239, 3301774477, 9905323429,
19810646857, 16508872381, 38629, 32191, 64381, 128761, 60089, 150221,
1351981, 141637, 424909, 354091, 991453, 1487179, 5948713, 826211,
2478631, 4957261, 9914521, 7435891, 14871781, 29743561, 111593, 334777,
278981, 418471, 5021641, 5858581, 3682537, 2761903, 4603171, 25777753,
1094461, 3283381, 1276871, 5107481, 3830611, 7661221, 15322441,
45967321, 1605209, 3611719, 4013021, 12039061, 24078121, 18058591,
36117181, 126410131, 948533, 17073577, 9485321, 28455961, 15650779,
62603113, 234761671, 219110893, 122323, 366967, 407741, 1834831,
1712509, 4281271, 25687621, 8970281, 6279197, 113025529, 15697991,
62791961, 47093971, 94187941, 188375881, 530063, 2120249, 5300621,
7950931, 95411161, 14841737, 44525209, 55656511, 166969531, 667878121,
34984093, 209904553, 87460231, 524761381, 122444323, 734665933,
816295481, 3673329661, 1386317, 6238423, 41589481, 14556319, 24260531,
291126361, 218344771, 30498953, 45748429, 274490569, 53373167,
160119499, 640477993, 1921433977, 533731661, 3202389961, 27033163,
180221081, 810994861, 2270785609, 315386891, 1261547561, 1892321341,
2838482011, 5676964021, 297364783, 1486823911, 2775404633, 6938511581,
31223302111, 62446604221, 98717, 740371, 1480741, 2221111, 4146073,
6910121, 542939, 2171753, 4886443, 32576281, 48864421, 11401699,
22803397, 45606793, 171025471, 684101881, 1924963, 7699849, 11549773,
28874431, 26949469, 134747341, 808484041, 28232777, 127047493,
105872911, 1270474921, 49407359, 296444149, 592888297, 444666223,
494073581, 1482220741, 8893324441, 839087, 15103549, 8390861, 50345161,
151035481, 17620807, 105724837, 264312091, 27689839, 138449191,
387657733, 323048111, 969144331, 10908119, 981730621, 916281913,
1145352391, 3436057171, 719935789, 599946491, 2399785961, 3599678941,
30237303097, 4199625431, 50395505161, 33760873, 13129229, 78775369,
590815261, 41263289, 309474661, 464211991, 216632263, 722107541,
3249483931, 73148557, 365742781, 731485561, 256019947, 512039893,
1280099731, 2560199461, 2413902349, 1341056861, 8046341161, 6034755871,
2816219407, 8448658219, 28162194061, 168973164361, 47827903, 286967413,
717418531, 669590629, 1339181257, 5021929711, 526106923, 1578320767,
3156641533, 2630534611, 10522138441, 7365496909, 14730993817,
36827484541, 55241226811, 110482453621, 2072542421, 6217627261,
12435254521, 9326440891, 4352339083, 26114034493, 41036339917,
34196949931, 287254379413, 239378649511, 2872543794121, 6883, 27529,
11471, 68821, 103231, 206461, 32117, 192697, 963481, 722611, 2890441,
100937, 75703, 454213, 252341, 1135531, 10598281, 178933, 1073593,
149111, 447331, 2683981, 5367961, 417509, 3131311, 6262621, 328043,
1312169, 984127, 2952379, 4920631, 9841261, 9185177, 22962941, 68888821,
103333231, 206666461, 413332921, 467977, 350983, 389981, 584971,
1754911, 7019641, 818959, 2729861, 4094791, 8189581, 49137481, 857957,
2573869, 15443209, 8579561, 25738681, 60056921, 90085381, 540512281,
2027897, 1520923, 6083689, 15209221, 30418441, 127757449, 53232271,
638787241, 16730143, 111534281, 1003808521, 468443977, 1171109941,
7026659641, 1569097, 3922741, 1830613, 9153061, 18306121, 5753353,
8630029, 14383381, 10068367, 20136733, 120820393, 50341831, 201367321,
151025491, 302050981, 25497811, 7932653, 23797957, 71393869, 19831631,
178484671, 356969341, 6232799, 224380729, 62327981, 93491971, 560951821,
1121903641, 785332549, 1308887581, 7853325481, 6668659, 62240809,
40752911, 1467104761, 114108149, 285270371, 3423244441, 10269733321,
9632507, 346770217, 144487591, 866925541, 1733851081, 67427543,
211915133, 1271490793, 3814472377, 1589363491, 6357453961, 4450217773,
6675326659, 14834059241, 11125544431, 66753266581, 211049, 791431,
2374291, 4748581, 9497161, 1477337, 4432009, 22160041, 3482293,
20893753, 2901911, 17411461, 52234381, 60940111, 243760441, 182820331,
365640661, 685907, 4115437, 30865771, 61731541, 19205369, 86424157,
144040261, 45269797, 316888573, 1901331433, 264073811, 2376664291,
9506657161, 31393391, 376720681, 88798447, 177596893, 690654581,
419774473, 524718091, 1049436181, 244868443, 1224342211, 2448684421,
7346053261, 513057689, 384793267, 5771898991, 53871057241, 40403292931,
4009913, 12029737, 45111511, 7017347, 21052039, 84208153, 70173461,
105260191, 210520381, 421040761, 315780571, 1263122281, 66163549,
220545161, 165408871, 1389434509, 2778869017, 385954031, 2315724181,
4631448361, 13894345081, 117289927, 130322141, 91225499, 821029483,
1368382471, 716771771, 6450945931, 2006960957, 6020882869, 5017402391,
60208828681, 45156621511, 613516537, 766895671, 4294615753, 2385897641,
3578846461, 5368269691, 21473078761, 1124780317, 1874633861, 5623901581,
8435852371, 33743409481, 1312243703, 47240773273, 13122437021,
118101933181, 9969643711, 4652500399, 18610001593, 7754167331,
21933216163, 36555360271, 146221441081, 219332161621, 17059168127,
51177504379, 1023550087561, 1535325131341, 997891, 1995781, 2993671,
5987341, 2794093, 8382277, 27940921, 2195359, 4390717, 32930371,
65860741, 131721481, 30735013, 92205037, 12972571, 77835421, 272423971,
1089695881, 19026437, 342475849, 47566091, 285396541, 133185053,
199777579, 2397330937, 998887891, 1997775781, 3392827, 40713913,
67856521, 142498693, 39582971, 158331881, 118748911, 37321087,
186605431, 746421721, 559816291, 1567485613, 294044921, 1323202141,
308747167, 3704965993, 14555223541, 5055977, 12639941, 75839641,
56879731, 79631623, 318526489, 88479581, 530877481, 1592632441,
166847209, 125135407, 208559011, 875947843, 1946550761, 1459913071,
2919826141, 98591533, 985915321, 1478872981, 1035211087, 2070422173,
3450703621, 1084506853, 1626760279, 3615022841, 5422534261, 8133801391,
15183095929, 11387321947, 257854777, 107439491, 752076431, 2256229291,
4512458581, 13537375741, 945467513, 7091006341, 24818522191,
99274088761, 4190140111, 8380280221, 16760560441, 39107974361,
12291077657, 55309849453, 46091541211, 92183082421, 184366164841,
553098494521, 21509385899, 774337892329, 322640788471, 1290563153881,
1935844730821, 55083529, 22951471, 91805881, 68854411, 275417641,
21421373, 214213721, 321320581, 963961741, 16831079, 605918809,
504932341, 1413810553, 4241431657, 21207158281, 179021467, 298369111,
895107331, 835433509, 5012601049, 2625648169, 1531628099, 6126512393,
18379537177, 15316280981, 45948842941, 156069997, 2341049941,
4682099881, 546244987, 3277469917, 32774699161, 572256653, 6008694847,
18026084539, 72104338153, 40057965641, 90130422691, 360521690761,
338151659, 3381516581, 15216824611, 14202369637, 28404739273,
23670616061, 71011848181, 22318009429, 74393364761, 52075355333,
520753553321, 390565164991, 781130329981, 5232935161, 407006069,
3052545511, 18315273061, 1279161929, 2878114339, 3197904821,
14390571691, 8954133497, 20146800367, 201468003661, 1133802619,
7558684121, 11338026181, 34014078541, 23809854979, 79366183261,
12471828799, 149661945577, 748309727881, 87302801587, 291009338621,
5930659849, 7413324811, 13838206313, 622719284041, 1141652020741,
19274644507, 64248815021, 179896682057, 539690046169, 449741705141,
2698450230841, 8095350692521, 1060105447831, 5936590507849,
4452442880887, 29682952539241]