3252:[97, 73, 41, 61, 241, 181, 113, 43, 337, 673, 127, 1009, 2017, 71, 281,
211, 421, 3361, 631, 2521, 89, 353, 67, 199, 397, 3169, 881, 331, 661,
1321, 5281, 991, 617, 463, 3697, 7393, 2311, 4621, 9241, 18481, 55441,
110881, 53, 79, 157, 313, 1249, 937, 1873, 131, 521, 2081, 3121, 1171,
2341, 547, 1093, 8737, 6553, 26209, 911, 14561, 2731, 21841, 8191,
16381, 65521, 131041, 859, 3433, 13729, 20593, 2861, 8581, 25741, 51481,
2003, 8009, 6007, 48049, 96097, 36037, 72073, 20021, 120121, 180181,
137, 103, 409, 307, 613, 1361, 1021, 8161, 1531, 3061, 6121, 12241,
24481, 239, 953, 1429, 2857, 2143, 17137, 34273, 2381, 9521, 3571,
14281, 10711, 42841, 1123, 6733, 53857, 1871, 7481, 29921, 22441, 16831,
269281, 5237, 23563, 52361, 209441, 78541, 157081, 314161, 117811,
235621, 471241, 443, 1327, 15913, 63649, 4421, 17681, 19891, 79561,
12377, 9283, 74257, 148513, 27847, 445537, 30941, 46411, 92821, 185641,
371281, 29173, 116689, 43759, 87517, 700129, 97241, 388961, 72931,
145861, 291721, 102103, 816817, 1633633, 612613, 680681, 4084081,
8168161, 229, 457, 191, 761, 3041, 571, 2281, 4561, 6841, 13681, 27361,
2129, 1597, 4789, 63841, 11971, 47881, 419, 6689, 30097, 6271, 12541,
300961, 2927, 46817, 8779, 140449, 105337, 117041, 43891, 351121,
131671, 526681, 1053361, 1483, 4447, 8893, 35569, 39521, 7411, 14821,
29641, 59281, 177841, 6917, 20749, 31123, 124489, 17291, 51871, 207481,
2489761, 21737, 48907, 97813, 391249, 782497, 217361, 163021, 652081,
489061, 3912481, 38039, 608609, 456457, 342343, 1369369, 2282281,
6846841, 27387361, 647, 10337, 3877, 7753, 25841, 19381, 77521, 4523,
18089, 72353, 13567, 108529, 217057, 40699, 651169, 135661, 406981,
813961, 21319, 511633, 35531, 568481, 106591, 213181, 1279081, 895357,
1790713, 7162849, 3979361, 1492261, 2984521, 2238391, 4476781, 17907121,
35814241, 134369, 75583, 302329, 251941, 377911, 6046561, 58787,
1058149, 4232593, 2351441, 2645371, 554269, 1108537, 2217073, 6651217,
461891, 2771341, 4157011, 1939939, 46558513, 3233231, 232792561, 47,
139, 277, 829, 1657, 3313, 461, 691, 1381, 5521, 16561, 1289, 5153, 967,
1933, 11593, 3221, 4831, 9661, 231841, 1013, 4049, 3037, 6073, 9109,
18217, 36433, 2531, 7591, 121441, 45541, 91081, 364321, 10627, 85009,
510049, 70841, 106261, 850081, 318781, 1275121, 599, 2393, 7177, 21529,
86113, 5981, 8971, 71761, 107641, 66977, 25117, 200929, 150697, 167441,
62791, 502321, 473617, 131561, 197341, 296011, 368369, 138139, 276277,
552553, 2210209, 828829, 920921, 1381381, 2762761, 16576561, 6257, 2347,
37537, 7039, 3911, 15641, 11731, 70381, 140761, 563041, 10949, 43793,
98533, 394129, 109481, 1313761, 1970641, 137633, 51613, 77419, 258061,
774181, 6193441, 1445137, 541927, 602141, 2408561, 903211, 1806421,
21677041, 20333, 121993, 203321, 304981, 914941, 426973, 1707889,
3415777, 2561833, 355811, 2134861, 4269721, 8539441, 17078881, 6404581,
51236641, 111827, 1789217, 1118261, 3354781, 6709561, 20128681,
40257361, 782783, 2348347, 7045039, 112720609, 31311281, 140900761,
41953, 7867, 15733, 62929, 8741, 34961, 157321, 314641, 629281, 24473,
36709, 73417, 146833, 440497, 880993, 244721, 91771, 550621, 76913,
28843, 173053, 1153681, 432631, 865261, 6922081, 134597, 336491,
5383841, 4037881, 102259, 204517, 409033, 113621, 318137, 954409,
1908817, 1431613, 1193011, 7158061, 749893, 2999569, 5999137, 2499641,
9998561, 3749461, 5624191, 44993521, 1749749, 2624623, 10498489,
20996977, 125981857, 17497481, 69989921, 13123111, 52492441, 78738661,
314954641, 29717, 133723, 534889, 297161, 445741, 891481, 1782961,
3565921, 668611, 624037, 1872109, 3744217, 7488433, 520031, 2080121,
24961441, 74884321, 1961257, 23535073, 6537521, 9806281, 19612561,
29418841, 117675361, 41186377, 17160991, 274575841, 823727521, 1545233,
2897311, 23178481, 139070881, 2704157, 8112469, 48674809, 40562341,
162249361, 121687021, 50992657, 101985313, 254963281, 509926561,
892371481, 3569485921, 2677114441, 10708457761, 59, 233, 929, 349, 523,
2089, 4177, 8353, 1741, 6961, 13921, 41761, 2437, 19489, 7309, 6091,
97441, 36541, 146161, 1277, 15313, 5743, 91873, 3191, 19141, 38281,
76561, 28711, 229681, 8933, 35729, 13399, 53593, 321553, 357281, 133981,
267961, 1071841, 200971, 9049, 18097, 7541, 30161, 11311, 22621, 90481,
33931, 135721, 5279, 84449, 63337, 158341, 316681, 950041, 99529,
398113, 597169, 248821, 373231, 522523, 2090089, 8360353, 870871,
1741741, 3483481, 6966961, 13933921, 41801761, 1973, 11833, 17749, 4931,
29581, 236641, 44371, 88741, 177481, 354961, 709921, 55217, 20707,
41413, 62119, 248473, 34511, 138041, 207061, 310591, 1242361, 2484721,
10847, 520609, 195229, 108461, 162691, 650761, 303689, 683299, 1366597,
3036881, 1138831, 2277661, 4555321, 9110641, 13665961, 153817, 307633,
115363, 922897, 64091, 192271, 769081, 179453, 269179, 538357, 4306849,
448631, 1794521, 2691781, 10767121, 21534241, 8075341, 2255969, 845989,
5075929, 10151857, 2114971, 4229941, 33839521, 6344911, 12689821,
47375329, 71062993, 39479441, 14804791, 59219161, 177657481, 710629921,
1103, 4409, 3307, 26449, 132241, 99181, 23143, 92569, 185137, 69427,
1110817, 77141, 462841, 347131, 694261, 72733, 581857, 60611, 242441,
2909281, 169709, 678833, 12218977, 424271, 1272811, 5091241, 3818431,
15273721, 14327, 229217, 42979, 257869, 515737, 143261, 214891, 859561,
644671, 1289341, 1604513, 2406769, 4813537, 3610153, 1002821, 1504231,
6016921, 36101521, 7564129, 2836549, 5673097, 11346193, 9455161,
18910321, 14182741, 8824817, 3309307, 19855837, 39711673, 158846689,
22062041, 88248161, 16546531, 33093061, 132372241, 149873, 899233,
337213, 1348849, 2697697, 374681, 562021, 1124041, 786829, 1180243,
18883873, 2622761, 1967071, 94419361, 4945777, 3709333, 8242961,
3091111, 6182221, 12364441, 24728881, 49457761, 37093321, 74186641,
5770073, 23080289, 17310217, 51930649, 173102161, 64913311, 1948337,
5845009, 11690017, 43837561, 40915057, 25571911, 51143821, 10715849,
42863393, 8036887, 26789621, 120553291, 56258203, 900131233, 337549213,
1350196849, 562582021, 4500656161, 4003, 64033, 12007, 192097, 26681,
106721, 20011, 160081, 224113, 46691, 186761, 140071, 560281, 2241121,
176089, 264133, 586961, 440221, 1760881, 1232617, 924463, 3697849,
14791393, 1027181, 4622311, 18489241, 52027, 104053, 624313, 86711,
1040521, 1560781, 3121561, 242789, 971153, 364183, 2913457, 5826913,
606971, 9711521, 10925461, 43701841, 190763, 3052193, 1144573, 4578289,
9156577, 8584291, 137348641, 53413361, 20030011, 961440481, 22679,
136069, 544273, 1632817, 680341, 4082041, 158747, 5714857, 11429713,
2381191, 9524761, 38099041, 1496749, 5986993, 17960977, 1247291,
19956641, 89804881, 179609761, 3492413, 10477237, 83817889, 8731031,
34924121, 26193091, 78579271, 157158541, 628634161, 3537769, 2653327,
4422211, 8844421, 35377681, 26533261, 18573283, 74293129, 148586257,
61910941, 247643761, 58373173, 259436321, 389154481, 778308961,
136204069, 544816273, 1634448817, 340510171, 681020341, 4086122041,
8172244081, 76039, 152077, 304153, 2027681, 6083041, 1140571, 1419377,
532267, 1064533, 6387193, 2661331, 10645321, 21290641, 42581281,
63871921, 278807, 33456721, 50185081, 200740321, 11709853, 46839409,
281036449, 658997, 7907953, 2965483, 26359841, 14827411, 18451889,
27677833, 11532431, 184518881, 34597291, 276778321, 1660669921,
14497913, 405941537, 1217824609, 253713461, 1014853841, 761140381,
4566842281, 430883, 2585293, 10341169, 7755877, 15511753, 6463231,
12926461, 19389691, 72388177, 217164529, 434329057, 361940881,
135727831, 542911321, 1085822641, 37917617, 28438213, 42657319,
682517089, 94794041, 284382121, 853146361, 265423313, 597202453,
1990674841, 5972024521, 23888098081, 268870369, 100826389, 201652777,
224058641, 84021991, 2016527761, 39210263, 392102621, 1176307861,
7057847161, 492929009, 4436361073, 1232322521, 1848483781, 14787870241,
2772725671, 44363610721, 1293938647, 20703018337, 62109055009,
2156564411, 8626257641, 103515091681, 77636318761, 373, 1489, 1117,
8929, 311, 1861, 2791, 5581, 11161, 44641, 1303, 5209, 3907, 31249,
62497, 8681, 34721, 26041, 52081, 104161, 19531, 78121, 156241, 683,
2729, 4093, 16369, 12277, 27281, 61381, 122761, 245521, 491041, 14323,
114577, 229153, 42967, 85933, 687457, 47741, 572881, 214831, 429661,
859321, 1613, 6449, 29017, 24181, 290161, 45137, 16927, 135409, 28211,
451361, 84631, 677041, 1354081, 507781, 1015561, 2031121, 4062241, 8867,
53197, 159589, 88661, 1063921, 2127841, 6383521, 186187, 2978977,
1117117, 2234233, 2482481, 930931, 1861861, 3723721, 4217, 3163, 50593,
18973, 63241, 126481, 47431, 379441, 44269, 66403, 332011, 5312161,
23189, 92753, 556513, 104347, 1669537, 347821, 695641, 1391281, 486949,
973897, 2921689, 1623161, 14608441, 29216881, 58433761, 328849, 246637,
1233181, 383657, 1726453, 13811617, 3617329, 1356499, 5425993, 753611,
18086641, 36173281, 13564981, 108519841, 3165163, 9495487, 18990973,
75963889, 151927777, 5275271, 84404321, 31651621, 47477431, 379819441,
2357, 7069, 42409, 169633, 23561, 16493, 49477, 98953, 148429, 41231,
247381, 494761, 371071, 1484281, 12959, 207329, 129581, 194371, 3109921,
4353889, 1360591, 5442361, 4081771, 8163541, 16327081, 45943, 735073,
137827, 229711, 459421, 1837681, 3675361, 689131, 2756521, 7718257,
15436513, 535991, 8575841, 4823911, 673817, 8085793, 1516087, 24257377,
60643441, 1179179, 28300273, 10612603, 84900817, 11791781, 47167121,
70750681, 283002721, 320417, 120157, 901171, 3604681, 7209361, 3364369,
1261639, 5046553, 1401821, 5607281, 8410921, 6308191, 7930297, 1101431,
17622881, 3304291, 9912871, 79302961, 4626007, 9252013, 74016097,
30840041, 185040241, 138780181, 260339, 3124057, 9372169, 37488673,
7810141, 15620281, 1822367, 10934197, 21868393, 87473569, 32802589,
54670981, 17182309, 68729233, 57274361, 85911541, 687292321, 160368209,
60138079, 240552313, 962209249, 300690391, 601380781, 1804142341,
14433138721, 1427, 22817, 68449, 102673, 57041, 21391, 342241, 64171,
128341, 39929, 29947, 479137, 89839, 359353, 1437409, 399281, 149731,
2395681, 1796761, 47059, 94117, 752929, 282349, 313721, 705871, 5270497,
988219, 3952873, 549011, 2196041, 8784161, 1647031, 26352481, 9882181,
18539, 111229, 166843, 1334737, 278071, 389299, 778597, 2335789,
15571921, 11678941, 46715761, 1835263, 29364193, 6117541, 12235081,
73410481, 8564557, 68516449, 25693669, 7137131, 28548521, 85645561,
64234171, 128468341, 193937, 72727, 581809, 436357, 727261, 1454521,
2909041, 5818081, 1090891, 4363561, 339389, 1527247, 24435937, 3393881,
13575521, 40726561, 15272461, 266663, 4266593, 6399889, 11999791,
16799707, 268795297, 27999511, 111998041, 223996081, 447992161, 1890877,
5672629, 1575731, 75635041, 56726281, 226905121, 17648177, 19854199,
39708397, 317667169, 11030111, 44120441, 264722641, 794167921, 41599273,
34666061, 51999091, 415992721, 623989081, 1247978161, 2495956321,
72798727, 145597453, 582389809, 436792357, 242662421, 5823898081,
108377, 81283, 2438461, 9753841, 758633, 3034529, 4551793, 27310753,
1896581, 7586321, 5689741, 45517921, 34138441, 136553761, 596069,
14305633, 2682307, 5364613, 21458449, 1490171, 8941021, 71528161,
214584481, 25034857, 75104569, 300418273, 31293571, 93880711,
1502091361, 1408889, 1056667, 2113333, 8453329, 16906657, 15849991,
31699981, 7396663, 59173297, 177519889, 73966621, 295866481, 110949931,
23246653, 92986609, 309955361, 58116631, 464933041, 174349891,
348699781, 2789598241, 81363283, 325453129, 1301812513, 3905437537,
135605471, 406816411, 2440898461, 4881796921, 921197, 2763589, 36847841,
6908971, 41453821, 82907641, 165815281, 6448373, 25793489, 154760929,
58035349, 116070697, 48362791, 20266313, 151997341, 303994681,
1215978721, 227996011, 106398139, 425592553, 1276777657, 1595972071,
11975549, 89816611, 1077799321, 83828837, 209572091, 838288361,
1257432541, 2514865081, 3772297621, 15089190481, 4742317009,
11855792521, 1844234393, 6915878971, 110654063521, 20747636911, 7193,
10789, 21577, 16183, 129457, 17981, 107881, 431521, 80911, 323641,
1294561, 226549, 503441, 188791, 377581, 1510321, 118669, 2848033,
890011, 1780021, 1107569, 830677, 1661353, 9968113, 11075681, 33227041,
93497, 70123, 560977, 934961, 701221, 5609761, 1636181, 514229,
30853681, 185122081, 10798789, 129585457, 8998991, 26996971, 53993941,
107987881, 244529, 183397, 550189, 1100377, 1833961, 22007521, 3851317,
1069811, 3209431, 336227, 20173561, 40347121, 14121493, 23535821,
70607461, 141214921, 105911191, 14304889, 57219553, 17881111, 143048881,
286097761, 5563013, 22252049, 100134217, 222520481, 4370939, 69935009,
157353769, 174837521, 131128141, 524512561, 393384421, 1376845471,
22029527521, 136649, 204973, 1366481, 2049721, 4099441, 3074581,
6149161, 11478433, 17217649, 7174021, 57392161, 43044121, 172176481,
3382039, 6764077, 54112609, 1878911, 30062561, 5636731, 11273461,
16910191, 67640761, 5260949, 21043793, 7891423, 378788257, 52609481,
157828441, 946970641, 7105697, 1332319, 5329273, 15987817, 31975633,
13323181, 319756321, 12434969, 74609809, 149219617, 124349681, 46631131,
186524521, 373049041, 559573561, 1119147121, 9770333, 14655499,
29310997, 24425831, 390813281, 293109961, 273569297, 205176973,
307765459, 2051769721, 8207078881, 1161509, 26133931, 209071441,
24391669, 292700017, 487833361, 182937511, 2927000161, 19164883,
114989293, 919914337, 63882941, 95824411, 574946461, 1149892921,
2299785841, 178872233, 3219700177, 6439400353, 1788722321, 670770871,
4024625221, 8049250441, 16098500881, 60398417, 135896437, 226494061,
452988121, 905976241, 634183369, 3805100209, 83047823, 332191289,
3986295457, 747430399, 1494860797, 4982869321, 7474303981, 2325339017,
1744004263, 27904068193, 5813347541, 23253390161, 8720021311,
34880085241, 139520340961, 26160063931, 418561022881, 3308321, 620311,
1240621, 9924961, 578957, 3473737, 2605303, 23158241, 8684341, 13026511,
1819577, 4094047, 81880921, 163761841, 12737033, 50948129, 47763871,
95527741, 382110961, 764221921, 16128061, 64512241, 129024481, 45158569,
67737853, 270951409, 541902817, 75264281, 94617953, 17740867, 53222599,
59136221, 1419269281, 124186063, 993488497, 372558187, 5960930977,
4967442481, 1862790931, 7451163721, 8436217, 16872433, 6327163,
25308649, 42181081, 31635811, 4921127, 14763379, 236214049, 177160537,
73816891, 295267561, 1771605361, 69598783, 278395129, 618655841,
927983761, 3897531793, 1623971581, 12991772641, 4871914741, 109670809,
6580248481, 575771743, 4606173937, 804252593, 2412757777, 4825515553,
1507973611, 12063788881, 4523920831, 9047841661, 8444652217,
16889304433, 50667913297, 3518605091, 14074420361, 10555815271,
31667445811, 37714849, 14143069, 56572273, 47143561, 70715341, 16500247,
33000493, 330004921, 247503691, 311147497, 259289581, 181502707,
544508119, 8712129889, 7260108241, 14520216481, 612866281, 919299421,
7354395361, 2574038377, 1430021321, 5720085281, 1072515991, 2145031981,
4290063961, 6435095941, 674152909, 1011229363, 4494352721, 80898348961,
9438140713, 37752562849, 56628844273, 11797675891, 13357343, 320576209,
641152417, 120216079, 133573421, 200360131, 4808643121, 9617286241,
1122016729, 2244033457, 2805041821, 11220167281, 8415125461,
67321003681, 7052676577, 2938615241, 6611884291, 8228122673,
24684368017, 148106208097, 20570306681, 30855460021, 61710920041,
185132760121, 173645447, 2083745353, 5209363381, 41674907041,
15628090141, 3646554367, 10939663099, 21879326197, 48620724881,
36465543661, 437586523921, 22921198873, 68763596617, 114605994361,
458423977441, 80224196053, 1069655947361, 200560490131, 401120980261,
4813451763121, 149, 593, 223, 1777, 10657, 1481, 2221, 4441, 17761,
3331, 6661, 26641, 53281, 3109, 6217, 12433, 4663, 2591, 15541, 31081,
23311, 93241, 186481, 3257, 9769, 14653, 32561, 12211, 24421, 146521,
136753, 51283, 205129, 410257, 1367521, 512821, 1025641, 2051281,
4102561, 2887, 17317, 76961, 14431, 43291, 346321, 692641, 13469, 80809,
323233, 60607, 134681, 538721, 202021, 808081, 1616161, 1212121,
2424241, 169313, 63493, 253969, 507937, 95239, 423281, 158731, 952381,
1904761, 666667, 5333329, 2962961, 3333331, 53333281, 1259, 20129, 7549,
45289, 50321, 150961, 56611, 905761, 8807, 140897, 52837, 105673,
422689, 1056721, 332113, 124543, 1992673, 69191, 415141, 1245421,
9963361, 774929, 581197, 1743589, 7749281, 1452991, 5811961, 11623921,
23247841, 34871761, 1177489, 654161, 981241, 11774881, 114479, 457913,
2747473, 6868681, 4317457, 3238093, 12952369, 25904737, 10793641,
43174561, 8095231, 64761841, 2518517, 7555549, 181333153, 18888871,
151110961, 302221921, 113333221, 453332881, 906665761, 4219, 67489,
25309, 112481, 42181, 126541, 253081, 1012321, 78737, 29527, 59053,
236209, 354313, 49211, 787361, 7086241, 15467, 46399, 185593, 742369,
927961, 1855921, 1391941, 108263, 433049, 1732193, 649573, 974359,
1082621, 4330481, 1623931, 6495721, 9743581, 164503, 1316017, 274171,
3290041, 6580081, 383839, 767677, 1535353, 6141409, 2303029, 639731,
3838381, 23030281, 92121121, 1809523, 7238089, 2010581, 48253921,
9047611, 4222219, 25333309, 56296241, 84444361, 63333271, 71707, 143413,
1147297, 358531, 5736481, 2007769, 4015537, 3011653, 10038841, 40155361,
7529131, 30116521, 2103377, 1577533, 7887661, 23662981, 47325961,
5521363, 265025377, 55213621, 110427241, 331281721, 310727, 3728713,
5593069, 27965341, 2175083, 19575739, 39151477, 313211809, 21750821,
87003281, 65252461, 123047497, 246094993, 68359721, 51269791, 153809371,
307618741, 1230474961, 2460949921, 143555413, 215333119, 119629511,
478518041, 358888531, 2871108241, 2153331181, 4306662361, 8613324721,
5107, 40849, 15319, 30637, 17021, 51061, 102121, 47657, 142969, 285937,
571873, 107227, 857809, 1715617, 357421, 714841, 56167, 168499, 336997,
374441, 2246641, 6739921, 262109, 1048433, 3145297, 9435889, 94358881,
354017, 132757, 265513, 221261, 885041, 1327561, 7965361, 154883,
464647, 929293, 7434337, 1393939, 6195281, 2323231, 6969691, 13939381,
27878761, 2920633, 11682529, 3650791, 14603161, 43809481, 87618961,
10222213, 245333089, 34074041, 136296161, 25555531, 76666591, 306666361,
347209, 520813, 4166497, 144671, 2314721, 434011, 2604061, 20832481,
1215229, 2430457, 1012691, 3038071, 6076141, 12152281, 18228421,
145827361, 7638577, 2864467, 3182741, 76385761, 14322331, 2227919,
53470033, 20051263, 33418771, 66837541, 534700321, 401025241, 802050481,
1604100961, 3009137, 1128427, 3385279, 6770557, 11284261, 22568521,
7898983, 31595929, 23696947, 47393893, 631918561, 118484731, 4137563,
24825373, 198602977, 74476117, 248253721, 496507441, 372380581,
2979044641, 347555209, 695110417, 260666407, 434444011, 868888021,
3475552081, 6951104161, 1303332031, 5213328121, 388057, 291043, 323381,
3880561, 7761121, 1455211, 11641681, 226367, 3621857, 1358197, 2716393,
4074589, 8149177, 6790981, 27163921, 711437, 4268617, 28457441,
10671541, 16007311, 256116961, 7470079, 89640937, 12450131, 597606241,
448204681, 20178913, 12611821, 25223641, 50447281, 2942759, 29427581,
176565481, 529696441, 665904097, 138730021, 554920081, 208095031,
194222029, 776888113, 1165332169, 647406761, 971110141, 1456665211,
11653321681, 23306643361, 1099493, 4397969, 9895429, 39581713, 2748731,
43979681, 65969521, 98954281, 197908561, 23089333, 69267997, 554143969,
230893321, 923573281, 692679961, 2770719841, 6047207, 96755297,
435398833, 362832361, 725664721, 272124271, 544248541, 2176994161,
4353988321, 42330443, 677287073, 2031861217, 380973979, 6095583649,
1693217681, 2539826521, 5079653041, 14293397, 64320283, 100053773,
600322633, 250134431, 1000537721, 4002150881, 2251209871, 18009678961,
78613679, 471682069, 943364137, 1179205171, 9433641361, 1650887239,
3301774477, 9905323429, 19810646857, 16508872381, 34337, 38629, 32191,
64381, 128761, 515041, 1545121, 60089, 240353, 721057, 150221, 600881,
1802641, 3605281, 1351981, 141637, 424909, 354091, 5665441, 16996321,
991453, 1487179, 5948713, 826211, 2478631, 4957261, 9914521, 19829041,
7435891, 14871781, 29743561, 111593, 334777, 4017313, 278981, 418471,
5021641, 10043281, 3124577, 14060593, 5858581, 140605921, 3682537,
2761903, 4603171, 25777753, 103111009, 291857, 2918561, 1094461,
3283381, 26267041, 6128977, 12257953, 1276871, 5107481, 3830611,
7661221, 15322441, 30644881, 45967321, 1605209, 6420833, 9631249,
3611719, 57787489, 4013021, 16052081, 12039061, 24078121, 18058591,
36117181, 404512417, 674187361, 126410131, 1011281041, 2022562081,
948533, 22764769, 17073577, 9485321, 28455961, 341471521, 26558897,
15650779, 62603113, 375618673, 234761671, 219110893, 13146653521,
122323, 366967, 2935729, 5871457, 407741, 1834831, 14678641, 4566689,
1712509, 11416721, 4281271, 25687621, 205500961, 3588113, 21528673,
64586017, 8970281, 35881121, 6279197, 113025529, 15697991, 62791961,
47093971, 94187941, 188375881, 376751761, 530063, 2120249, 5300621,
7950931, 95411161, 190822321, 14841737, 44525209, 178100833, 534302497,
55656511, 890504161, 166969531, 667878121, 34984093, 139936369,
209904553, 466454561, 87460231, 699681841, 1399363681, 524761381,
4198091041, 122444323, 734665933, 816295481, 3673329661, 1386317,
16635793, 6238423, 99814753, 55452641, 499073761, 14556319, 232901089,
24260531, 291126361, 218344771, 30498953, 45748429, 274490569,
548981137, 1097962273, 1829937121, 53373167, 160119499, 640477993,
1921433977, 533731661, 3202389961, 6404779921, 72088433, 27033163,
180221081, 1081326481, 810994861, 3243979441, 6487958881, 2270785609,
315386891, 1261547561, 5046190241, 1892321341, 2838482011, 5676964021,
45415712161, 297364783, 7136754769, 1486823911, 35683773841,
71367547681, 2775404633, 16652427793, 6938511581, 27754046321,
31223302111, 62446604221, 98717, 3553777, 740371, 1480741, 2221111,
2764049, 4146073, 16584289, 24876433, 6910121, 124382161, 542939,
2171753, 13030513, 4886443, 39091537, 32576281, 48864421, 195457681,
60809057, 11401699, 22803397, 45606793, 456067921, 171025471, 684101881,
1924963, 7699849, 11549773, 28874431, 26949469, 107797873, 646787233,
134747341, 808484041, 3233936161, 28232777, 127047493, 1016379937,
105872911, 846983281, 1270474921, 2540949841, 49407359, 296444149,
592888297, 444666223, 494073581, 1976294321, 1482220741, 8893324441,
17786648881, 35573297761, 839087, 15103549, 8390861, 33563441, 50345161,
151035481, 93977633, 17620807, 105724837, 234944081, 704832241,
1409664481, 264312091, 2114496721, 27689839, 738395681, 387657733,
323048111, 5168769761, 969144331, 46518927841, 10908119, 174529889,
261794833, 785384497, 2617948321, 981730621, 1221709217, 916281913,
1145352391, 3436057171, 54976914721, 719935789, 17278458913, 599946491,
2399785961, 3599678941, 14398715761, 40316404129, 30237303097,
60474606193, 4199625431, 50395505161, 302373030961, 33760873, 112536241,
13129229, 78775369, 472652209, 590815261, 41263289, 1485478369,
309474661, 464211991, 216632263, 1733058097, 3466116193, 10398348577,
722107541, 17330580961, 3249483931, 25995871441, 97531409, 73148557,
365742781, 731485561, 1462971121, 256019947, 512039893, 6827198561,
1280099731, 2560199461, 30722393521, 2413902349, 1341056861, 8046341161,
6034755871, 2816219407, 22529755249, 8448658219, 135178531489,
28162194061, 112648776241, 168973164361, 675892657441, 47827903,
286967413, 637705361, 717418531, 669590629, 1339181257, 5021929711,
80350875361, 526106923, 1578320767, 3156641533, 25253132257, 2630534611,
10522138441, 7365496909, 14730993817, 176771925793, 36827484541,
55241226811, 110482453621, 3316067873, 2072542421, 6217627261,
12435254521, 49741018081, 9326440891, 74611527121, 4352339083,
26114034493, 348187126561, 18238373297, 41036339917, 34196949931,
820726798321, 127668613073, 383005839217, 287254379413, 239378649511,
3830058392161, 2872543794121, 11490175176481, 18353, 6883, 27529, 55057,
11471, 68821, 103231, 206461, 1651681, 32117, 192697, 385393, 1284641,
963481, 722611, 2890441, 5780881, 100937, 75703, 605617, 454213,
1816849, 3633697, 252341, 1009361, 1135531, 18168481, 12717937,
25435873, 10598281, 21196561, 178933, 1073593, 4294369, 149111, 447331,
2683981, 5367961, 417509, 10020193, 3131311, 6262621, 25050481,
50100961, 150302881, 328043, 1312169, 984127, 7873009, 2952379,
47238049, 4920631, 9841261, 9185177, 110222113, 22962941, 68888821,
103333231, 206666461, 413332921, 467977, 350983, 5615713, 389981,
584971, 4679761, 1754911, 7019641, 818959, 13103329, 2729861, 4094791,
8189581, 32758321, 49137481, 98274961, 196549921, 857957, 2573869,
15443209, 8579561, 25738681, 102954721, 24022769, 60056921, 240227681,
90085381, 360341521, 540512281, 2027897, 1520923, 6083689, 12167377,
36502129, 15209221, 30418441, 127757449, 141952721, 53232271, 638787241,
1277574481, 16730143, 267682273, 111534281, 1003808521, 4015234081,
468443977, 1171109941, 9368879521, 7026659641, 1569097, 3138193,
5230321, 3922741, 2440817, 1830613, 9153061, 18306121, 109836721,
5753353, 8630029, 14383381, 57533521, 10068367, 20136733, 161093857,
120820393, 134244881, 50341831, 201367321, 151025491, 302050981,
1208203921, 13598833, 25497811, 203982481, 7932653, 31730609, 23797957,
71393869, 19831631, 178484671, 356969341, 6232799, 99724769, 224380729,
62327981, 249311921, 93491971, 747935761, 1495871521, 560951821,
1121903641, 2094220129, 785332549, 1308887581, 5235550321, 10471100641,
7853325481, 31413301921, 6668659, 62240809, 746889697, 1173683809,
40752911, 652046561, 1956139681, 1467104761, 5868419041, 114108149,
456432593, 1369297777, 285270371, 3423244441, 6846488881, 13692977761,
10269733321, 9632507, 346770217, 144487591, 1155900721, 866925541,
1733851081, 67427543, 9709566049, 211915133, 847660529, 1271490793,
3814472377, 1589363491, 6357453961, 4450217773, 6675326659, 14834059241,
11125544431, 66753266581, 211049, 7597729, 791431, 2374291, 4748581,
9497161, 1477337, 4432009, 17728033, 14773361, 22160041, 265920481,
3482293, 20893753, 2901911, 17411461, 52234381, 195008353, 292512529,
585025057, 60940111, 243760441, 487520881, 182820331, 365640661, 685907,
4115437, 32923489, 164617441, 61731541, 246926161, 19205369, 76821473,
86424157, 144040261, 216060391, 1728483121, 45269797, 1810791841,
5432375521, 316888573, 1901331433, 264073811, 2376664291, 9506657161,
38026628641, 215268961, 645806881, 31393391, 376720681, 753441361,
1506882721, 88798447, 177596893, 1420775137, 4972712977, 690654581,
8287854961, 24863564881, 279849649, 419774473, 932832161, 1399248241,
524718091, 1049436181, 244868443, 3917895073, 11753685217, 1224342211,
2448684421, 7346053261, 513057689, 2052230753, 384793267, 3078346129,
5130576881, 30783461281, 5771898991, 53871057241, 40403292931,
646452686881, 4009913, 16039649, 12029737, 144356833, 45111511, 7017347,
21052039, 84208153, 70173461, 105260191, 210520381, 421040761,
315780571, 1263122281, 66163549, 220545161, 165408871, 1323270961,
2646541921, 3969812881, 3705158689, 1389434509, 2778869017, 385954031,
6175264481, 2315724181, 4631448361, 13894345081, 312773137, 117289927,
1876638817, 130322141, 91225499, 2189411953, 821029483, 3649019921,
1368382471, 32841179281, 3440504497, 6881008993, 716771771, 11468348321,
6450945931, 103215134881, 2006960957, 6020882869, 72250594417,
5017402391, 60208828681, 120417657361, 45156621511, 361252972081,
136337009, 613516537, 1363370081, 766895671, 4294615753, 2385897641,
3578846461, 5368269691, 21473078761, 42946157521, 2999414177,
1124780317, 1874633861, 5623901581, 44991212641, 8435852371,
33743409481, 134973637921, 1312243703, 47240773273, 13122437021,
118101933181, 944815465441, 5317143313, 17723811041, 26585716561,
9969643711, 4652500399, 18610001593, 7754167331, 124066677281,
21933216163, 97480960721, 36555360271, 146221441081, 219332161621,
17059168127, 51177504379, 1023550087561, 2047100175121, 1535325131341,
12282601050721, 3193249, 997891, 1995781, 7983121, 15966241, 2993671,
5987341, 2794093, 11176369, 8382277, 27940921, 55881841, 2195359,
4390717, 32930371, 65860741, 131721481, 30735013, 92205037, 409800161,
3688201441, 13837409, 12972571, 207561121, 77835421, 435878353,
272423971, 1089695881, 19026437, 342475849, 1369903393, 47566091,
285396541, 133185053, 199777579, 2397330937, 998887891, 1997775781,
23973309361, 9047537, 3392827, 40713913, 67856521, 142498693, 569994769,
1139989537, 39582971, 158331881, 118748911, 37321087, 298568689,
186605431, 746421721, 1492843441, 559816291, 1567485613, 10449904081,
20899808161, 294044921, 3528539041, 1323202141, 5292808561, 823325777,
308747167, 3704965993, 8233257761, 37049659921, 74099319841, 7762785889,
14555223541, 27169750609, 135848753041, 407546259121, 5055977, 30335857,
60671713, 91007569, 12639941, 75839641, 56879731, 455037841, 910075681,
79631623, 318526489, 88479581, 530877481, 1061754961, 1592632441,
6370529761, 166847209, 125135407, 2002166497, 208559011, 2335860913,
875947843, 1946550761, 1459913071, 2919826141, 98591533, 657276881,
985915321, 1478872981, 1035211087, 2070422173, 4600938161, 3450703621,
13802814481, 1084506853, 1626760279, 3615022841, 5422534261,
21690137041, 8133801391, 130140822241, 15183095929, 11387321947,
91098575569, 182197151137, 101220639521, 227746438921, 257854777,
515709553, 107439491, 15471286561, 7219933729, 10829900593, 752076431,
2256229291, 4512458581, 13537375741, 945467513, 3781870049, 17018415217,
9454675121, 7091006341, 170184152161, 26473090337, 24818522191,
99274088761, 198548177521, 2234741393, 4190140111, 8380280221,
16760560441, 33521120881, 281577415393, 39107974361, 469295692321,
703943538481, 12291077657, 73746465937, 55309849453, 221239397809,
46091541211, 92183082421, 184366164841, 737464659361, 553098494521,
1106196989041, 21509385899, 774337892329, 860375435921, 322640788471,
1290563153881, 1935844730821, 55083529, 220334113, 22951471, 91805881,
183611761, 68854411, 275417641, 21421373, 85685489, 214213721,
856854881, 321320581, 1285282321, 2570564641, 963961741, 7711693921,
16831079, 403945873, 605918809, 673243121, 504932341, 4039458721,
1885080737, 1413810553, 4241431657, 21207158281, 84828633121, 159130193,
954781153, 179021467, 2864343457, 298369111, 895107331, 835433509,
5012601049, 10025202097, 2625648169, 31507778017, 19692361261,
157538890081, 1531628099, 6126512393, 18379537177, 15316280981,
156069997, 1040466641, 2341049941, 4682099881, 546244987, 3277469917,
7283266481, 32774699161, 131098796641, 572256653, 2289026609,
5150309869, 22890266081, 103006197361, 6008694847, 18026084539,
72104338153, 288417352609, 40057965641, 480695587681, 90130422691,
360521690761, 338151659, 3381516581, 81156397921, 15216824611,
14202369637, 28404739273, 23670616061, 71011848181, 1704284356321,
22318009429, 74393364761, 892720377121, 52075355333, 1249808527969,
520753553321, 390565164991, 781130329981, 9373563959761, 232574897,
4186348129, 3488623441, 5232935161, 407006069, 1628024273, 29304436897,
3052545511, 48840728161, 18315273061, 1279161929, 5116647713,
2878114339, 3197904821, 14390571691, 8954133497, 20146800367,
201468003661, 1133802619, 7558684121, 11338026181, 34014078541,
126985893217, 23809854979, 79366183261, 12471828799, 149661945577,
166291050641, 748309727881, 2993238911521, 87302801587, 4190534476129,
291009338621, 5930659849, 11861319697, 23722639393, 7413324811,
355839590881, 13838206313, 55352825249, 83029237873, 415146189361,
622719284041, 130474516657, 260949033313, 391423549969, 1304745166561,
1141652020741, 19274644507, 308394312097, 925182936289, 64248815021,
179896682057, 539690046169, 1079380092337, 449741705141, 2698450230841,
8095350692521, 3392337433057, 10177012299169, 1060105447831,
8480843582641, 3957727005233, 5936590507849, 4452442880887,
39577270052321, 29682952539241, 118731810156961]
