100: [19, 29, 31, 37, 41, 53, 61, 67, 71, 73, 79, 89, 103, 127, 131, 137,
181, 211, 239, 281, 307, 397, 409, 463, 521, 547, 617, 631, 661, 859,
911, 937, 953, 991, 1123, 1171, 1321, 1327, 1429, 1531, 1871, 2003,
2143, 2311, 2341, 2381, 2521, 2731, 2857, 2861, 3061, 3571, 4621, 5237,
6007, 6121, 6553, 6733, 7481, 8009, 8191, 8581, 9283, 10711, 12377,
14281, 15913, 16381, 16831, 19891, 20021, 22441, 23563, 25741, 27847,
29173, 30941, 36037, 42841, 43759, 46411, 51481, 52361, 72073, 72931,
79561, 87517, 92821, 97241, 102103, 117811, 120121, 157081, 180181,
185641, 235621, 291721, 471241, 612613, 680681]

101: [19, 23, 29, 31, 37, 41, 43, 61, 67, 71, 79, 89, 103, 127, 131, 137,
157, 181, 199, 211, 239, 307, 313, 331, 397, 409, 463, 521, 547, 617,
631, 661, 859, 911, 937, 953, 991, 1021, 1093, 1123, 1171, 1321, 1327,
1429, 1531, 2003, 2143, 2311, 2341, 2381, 2521, 2857, 2861, 3061, 3433,
3571, 4421, 4621, 5237, 6007, 6121, 7481, 8009, 8581, 9241, 9283, 10711,
12377, 14281, 15913, 16381, 16831, 19891, 20021, 23563, 25741, 27847,
29173, 30941, 36037, 42841, 46411, 51481, 72073, 72931, 78541, 79561,
87517, 92821, 97241, 102103, 117811, 120121, 145861, 157081, 180181,
185641, 291721, 471241, 612613, 680681]

102: [23, 29, 31, 37, 41, 43, 53, 61, 67, 73, 79, 89, 103, 127, 131, 137,
157, 181, 199, 211, 239, 281, 307, 313, 331, 397, 409, 421, 443, 463,
521, 547, 617, 631, 661, 859, 911, 937, 953, 991, 1021, 1093, 1123,
1171, 1321, 1327, 1429, 1531, 1871, 2003, 2143, 2311, 2341, 2381, 2521,
2731, 2857, 2861, 3571, 4621, 5237, 6007, 6121, 6553, 6733, 7481, 8009,
8191, 8581, 9241, 9283, 10711, 12377, 15913, 16381, 16831, 19891, 20021,
22441, 23563, 25741, 27847, 29173, 30941, 42841, 43759, 46411, 51481,
52361, 79561, 87517, 97241, 102103, 117811, 120121, 145861, 157081,
180181, 185641, 291721, 471241, 612613]

103: [19, 23, 29, 31, 37, 41, 43, 53, 61, 67, 71, 73, 79, 89, 103, 127, 131,
157, 181, 199, 211, 281, 307, 313, 331, 397, 409, 421, 443, 463, 521,
613, 631, 661, 859, 911, 937, 953, 991, 1093, 1123, 1171, 1321, 1327,
1429, 1531, 1871, 2003, 2143, 2311, 2341, 2381, 2731, 2857, 2861, 3433,
4421, 4621, 5237, 6007, 6553, 6733, 7481, 8009, 8191, 8581, 9241, 10711,
12377, 14281, 15913, 16381, 16831, 19891, 20021, 22441, 23563, 25741,
27847, 29173, 30941, 36037, 42841, 43759, 46411, 51481, 52361, 72073,
78541, 79561, 87517, 97241, 102103, 117811, 145861, 157081, 180181,
185641, 235621, 291721, 471241, 612613, 680681]

104: [19, 23, 29, 31, 41, 53, 61, 67, 73, 79, 89, 103, 127, 137, 157, 181,
199, 211, 239, 281, 307, 313, 331, 397, 409, 421, 443, 521, 547, 613,
617, 631, 661, 859, 953, 991, 1021, 1123, 1171, 1321, 1429, 1531, 1871,
2003, 2143, 2311, 2341, 2381, 2521, 2731, 2857, 2861, 3061, 3433, 3571,
4421, 4621, 5237, 6007, 6553, 6733, 7481, 8009, 8191, 8581, 9241, 9283,
12377, 14281, 15913, 16381, 16831, 19891, 20021, 22441, 23563, 25741,
27847, 29173, 30941, 36037, 42841, 43759, 46411, 51481, 52361, 72073,
72931, 78541, 79561, 87517, 92821, 97241, 102103, 117811, 120121,
145861, 157081, 180181, 185641, 291721, 471241, 612613, 680681]

105: [19, 23, 29, 31, 37, 43, 53, 61, 67, 71, 73, 79, 103, 127, 131, 137,
157, 181, 199, 211, 239, 281, 307, 313, 331, 397, 421, 443, 521, 547,
613, 617, 631, 661, 859, 911, 937, 953, 991, 1021, 1093, 1171, 1321,
1327, 1429, 1531, 1871, 2003, 2143, 2311, 2341, 2381, 2521, 2731, 2857,
2861, 3061, 3433, 3571, 4621, 6007, 6121, 6553, 7481, 8009, 8191, 8581,
9241, 9283, 10711, 12377, 14281, 15913, 16381, 16831, 19891, 20021,
22441, 23563, 25741, 27847, 29173, 30941, 36037, 42841, 46411, 51481,
52361, 72073, 72931, 78541, 79561, 87517, 92821, 97241, 102103, 117811,
120121, 157081, 180181, 185641, 235621, 291721, 471241, 612613]

106: [23, 29, 31, 37, 41, 43, 53, 61, 67, 71, 73, 79, 89, 103, 127, 131,
137, 157, 181, 199, 211, 239, 281, 307, 313, 331, 409, 421, 443, 463,
521, 547, 613, 617, 631, 661, 859, 911, 937, 953, 991, 1021, 1093, 1171,
1321, 1327, 1429, 1531, 1871, 2003, 2143, 2311, 2341, 2381, 2521, 2857,
2861, 3061, 3433, 3571, 4421, 4621, 5237, 6121, 6553, 6733, 8009, 8191,
8581, 9241, 9283, 10711, 12377, 14281, 16381, 19891, 20021, 22441,
23563, 25741, 27847, 29173, 30941, 36037, 42841, 51481, 52361, 72073,
72931, 78541, 79561, 87517, 92821, 97241, 102103, 117811, 120121,
145861, 157081, 180181, 185641, 235621, 291721, 471241, 612613, 680681]

107: [[19, 23, 29, 31, 37, 41, 43, 53, 61, 67, 71, 73, 79, 89, 103, 127, 131,
137, 157, 181, 199, 211, 239, 281, 307, 313, 331, 397, 409, 421, 443,
521, 547, 613, 617, 661, 859, 911, 953, 991, 1021, 1123, 1171, 1321,
1327, 1429, 1531, 1871, 2143, 2311, 2341, 2381, 2521, 2857, 2861, 3061,
3433, 3571, 4421, 4621, 5237, 6007, 6121, 6553, 6733, 7481, 8009, 8191,
8581, 9241, 10711, 12377, 14281, 15913, 16831, 19891, 20021, 22441,
23563, 25741, 27847, 29173, 30941, 36037, 42841, 43759, 46411, 51481,
52361, 72931, 78541, 79561, 87517, 92821, 97241, 102103, 117811, 120121,
145861, 157081, 180181, 185641, 235621, 291721, 471241, 612613, 680681]

108: [19, 23, 29, 31, 37, 41, 43, 53, 67, 71, 73, 79, 89, 103, 127, 131,
137, 157, 181, 199, 211, 239, 281, 307, 313, 331, 397, 409, 421, 443,
463, 521, 547, 613, 617, 631, 661, 859, 911, 937, 953, 991, 1021, 1093,
1171, 1321, 1327, 1429, 1531, 1871, 2003, 2143, 2311, 2341, 2381, 2521,
2731, 2857, 2861, 3061, 3433, 3571, 4421, 4621, 5237, 6121, 6553, 6733,
7481, 8009, 8581, 9241, 9283, 10711, 12377, 14281, 15913, 16381, 16831,
19891, 20021, 23563, 25741, 27847, 29173, 36037, 43759, 46411, 51481,
52361, 72073, 72931, 78541, 79561, 87517, 92821, 97241, 102103, 117811,
145861, 157081, 180181, 185641, 235621, 291721, 471241, 612613, 680681]

109: [19, 23, 29, 31, 37, 41, 43, 53, 67, 71, 73, 79, 89, 127, 131, 137,
157, 181, 199, 211, 239, 281, 307, 313, 331, 397, 409, 421, 443, 463,
521, 547, 613, 617, 631, 661, 859, 911, 937, 953, 991, 1021, 1093, 1123,
1171, 1321, 1327, 1531, 1871, 2003, 2143, 2311, 2341, 2381, 2521, 2731,
2857, 2861, 3061, 3433, 3571, 4421, 4621, 5237, 6007, 6121, 6733, 8009,
8191, 8581, 9241, 9283, 10711, 12377, 14281, 15913, 16381, 16831, 19891,
20021, 22441, 23563, 25741, 27847, 29173, 30941, 36037, 42841, 43759,
46411, 51481, 52361, 72073, 72931, 78541, 79561, 87517, 92821, 97241,
102103, 117811, 120121, 145861, 185641, 235621, 291721, 471241, 612613,
680681]

110: [19, 29, 31, 37, 41, 43, 53, 61, 67, 71, 73, 79, 89, 103, 127, 131,
137, 157, 181, 211, 239, 281, 307, 313, 331, 397, 409, 421, 443, 463,
521, 547, 613, 617, 661, 859, 911, 937, 953, 991, 1021, 1093, 1123,
1171, 1321, 1327, 1429, 1531, 1871, 2003, 2143, 2311, 2341, 2381, 2521,
2731, 2857, 2861, 3061, 3433, 3571, 4421, 4621, 5237, 6007, 6121, 6553,
6733, 7481, 8009, 8581, 9241, 9283, 10711, 12377, 14281, 15913, 16381,
16831, 19891, 20021, 22441, 23563, 25741, 27847, 29173, 30941, 36037,
42841, 43759, 46411, 51481, 52361, 72073, 72931, 79561, 87517, 92821,
97241, 117811, 120121, 145861, 157081, 180181, 185641, 235621, 291721,
471241, 612613, 680681]

111: [19, 23, 29, 31, 37, 41, 43, 53, 61, 67, 71, 73, 79, 89, 103, 127, 131,
137, 157, 181, 199, 211, 281, 307, 313, 331, 397, 409, 421, 443, 463,
521, 547, 613, 617, 631, 661, 859, 937, 953, 991, 1021, 1093, 1123,
1171, 1321, 1327, 1429, 1531, 1871, 2003, 2143, 2311, 2341, 2381, 2521,
2731, 2857, 2861, 3061, 3433, 3571, 4421, 4621, 5237, 6007, 6121, 6553,
6733, 8009, 8191, 8581, 9241, 9283, 10711, 12377, 14281, 15913, 16381,
16831, 19891, 20021, 22441, 23563, 25741, 27847, 30941, 36037, 42841,
43759, 46411, 51481, 52361, 72073, 72931, 78541, 79561, 87517, 92821,
97241, 117811, 120121, 145861, 157081, 180181, 185641, 235621, 291721,
471241, 612613, 680681]

112: [19, 23, 29, 31, 37, 41, 43, 53, 61, 67, 71, 73, 103, 127, 131, 137,
157, 181, 199, 211, 239, 281, 307, 313, 331, 397, 409, 421, 443, 463,
521, 547, 613, 617, 631, 661, 859, 911, 937, 953, 991, 1021, 1093, 1123,
1171, 1321, 1327, 1429, 1531, 1871, 2003, 2143, 2311, 2341, 2381, 2521,
2731, 2857, 2861, 3433, 3571, 4421, 4621, 5237, 6007, 6121, 6553, 6733,
7481, 8009, 8191, 8581, 9241, 9283, 10711, 12377, 14281, 15913, 16381,
16831, 19891, 20021, 22441, 23563, 25741, 27847, 29173, 30941, 36037,
42841, 43759, 46411, 51481, 52361, 72073, 72931, 78541, 79561, 87517,
92821, 97241, 102103, 117811, 120121, 145861, 157081, 180181, 185641,
235621, 291721, 612613, 680681]

113: [19, 23, 29, 31, 37, 43, 53, 61, 67, 71, 79, 101, 103, 127, 131, 151,
157, 181, 199, 211, 239, 307, 331, 397, 421, 443, 463, 547, 613, 631,
661, 701, 859, 911, 991, 1021, 1051, 1093, 1123, 1171, 1327, 1531, 1871,
1951, 2003, 2311, 2381, 2551, 2731, 2861, 3061, 3301, 3571, 3851, 4421,
4621, 4951, 5101, 5237, 5851, 6007, 6301, 7151, 8191, 8581, 9283, 9901,
10711, 11551, 11701, 16381, 17851, 18701, 19891, 20021, 23563, 25741,
27847, 28051, 29173, 30941, 33151, 34651, 36037, 42901, 43759, 50051,
53551, 56101, 66301, 72931, 77351, 81901, 87517, 92821, 102103, 107101,
117811, 145861, 150151, 180181, 198901, 232051, 235621, 243101, 300301,
450451, 612613, 729301, 1093951, 1178101, 2187901, 5105101]

114: [23, 29, 31, 37, 43, 61, 67, 71, 79, 101, 103, 127, 131, 151, 157, 181,
199, 211, 239, 307, 331, 397, 421, 443, 463, 547, 613, 631, 661, 701,
859, 911, 1021, 1051, 1093, 1171, 1301, 1327, 1429, 1531, 1871, 1951,
2003, 2143, 2311, 2341, 2381, 2551, 2731, 2861, 3061, 3301, 3571, 3851,
4421, 4621, 4951, 5101, 5237, 5851, 6007, 6301, 6733, 7151, 8191, 8581,
9283, 9901, 10711, 11551, 11701, 16381, 16831, 17851, 18701, 19891,
20021, 23563, 25741, 27847, 28051, 29173, 30941, 33151, 34651, 36037,
42901, 43759, 46411, 50051, 53551, 56101, 66301, 72931, 77351, 78541,
81901, 87517, 102103, 107101, 117811, 145861, 150151, 180181, 198901,
235621, 243101, 300301, 612613, 729301, 1093951, 1178101, 2187901,
5105101]

115: [19, 23, 29, 31, 37, 43, 53, 61, 67, 71, 79, 101, 103, 127, 151, 157,
181, 199, 239, 307, 331, 397, 421, 443, 463, 547, 613, 631, 661, 701,
859, 911, 991, 1021, 1051, 1093, 1123, 1171, 1301, 1327, 1429, 1531,
1951, 2003, 2143, 2311, 2341, 2381, 2551, 2731, 2861, 3061, 3301, 3571,
3851, 4421, 4621, 4951, 5101, 5237, 5851, 6007, 6301, 6733, 7151, 8191,
8581, 9283, 9901, 10711, 11551, 11701, 16381, 17851, 18701, 19891,
20021, 23563, 25741, 27847, 28051, 29173, 30941, 33151, 34651, 36037,
42901, 43759, 46411, 53551, 56101, 66301, 72931, 77351, 78541, 81901,
87517, 92821, 102103, 107101, 117811, 145861, 150151, 198901, 232051,
235621, 243101, 300301, 450451, 612613, 729301, 1093951, 1178101,
2187901, 5105101]

116: [19, 23, 29, 31, 37, 43, 53, 61, 67, 79, 101, 103, 127, 131, 151, 157,
181, 199, 211, 239, 307, 397, 421, 443, 463, 547, 613, 631, 661, 701,
859, 911, 991, 1021, 1051, 1123, 1171, 1301, 1327, 1429, 1531, 1871,
1951, 2003, 2143, 2311, 2341, 2381, 2551, 2731, 2861, 3061, 3301, 3571,
3851, 4421, 4621, 4951, 5101, 5237, 5851, 6301, 6733, 7151, 8191, 8581,
9283, 9901, 10711, 11551, 11701, 16381, 16831, 17851, 18701, 19891,
20021, 23563, 25741, 27847, 28051, 29173, 30941, 33151, 34651, 36037,
42901, 43759, 46411, 50051, 53551, 56101, 66301, 72931, 77351, 78541,
81901, 87517, 92821, 102103, 107101, 117811, 145861, 150151, 180181,
198901, 232051, 243101, 300301, 450451, 612613, 729301, 1093951,
1178101, 2187901, 5105101]

117: [19, 23, 29, 31, 37, 43, 53, 61, 67, 71, 79, 101, 103, 127, 131, 151,
157, 181, 199, 211, 239, 307, 331, 397, 421, 443, 463, 547, 613, 631,
661, 701, 859, 911, 991, 1021, 1051, 1093, 1123, 1171, 1301, 1327, 1429,
1531, 1871, 1951, 2143, 2311, 2341, 2381, 2551, 2731, 2861, 3061, 3301,
3571, 3851, 4421, 4621, 4951, 5101, 5237, 5851, 6733, 7151, 8191, 8581,
9283, 9901, 10711, 11551, 11701, 16381, 16831, 17851, 18701, 19891,
20021, 23563, 25741, 27847, 29173, 30941, 33151, 34651, 36037, 42901,
43759, 46411, 50051, 53551, 56101, 66301, 72931, 77351, 78541, 81901,
87517, 92821, 102103, 107101, 117811, 145861, 150151, 180181, 198901,
232051, 235621, 243101, 300301, 450451, 612613, 729301, 1093951,
1178101, 2187901, 5105101]

118: [23, 29, 31, 41, 43, 53, 61, 67, 71, 79, 89, 103, 131, 137, 157, 191,
211, 229, 239, 281, 313, 331, 409, 419, 421, 443, 457, 463, 521, 547,
571, 617, 647, 661, 761, 859, 911, 953, 1021, 1093, 1123, 1321, 1429,
1483, 1597, 1871, 2003, 2311, 2381, 2731, 2857, 2861, 2927, 3433, 3571,
3877, 4421, 4523, 4621, 5237, 6007, 6271, 6917, 7411, 7481, 7753, 8009,
8581, 8779, 9283, 12377, 12541, 13567, 14281, 14821, 17291, 18089,
19381, 20021, 20749, 21319, 21737, 22441, 29173, 29641, 30941, 35531,
38039, 43891, 51871, 52361, 58787, 72931, 78541, 92821, 97241, 102103,
106591, 120121, 135661, 145861, 157081, 163021, 207481, 213181, 251941,
291721, 456457, 461891, 554269, 680681, 1108537, 1492261, 1939939,
2282281, 2771341, 2984521, 3233231]

119: [29, 31, 43, 53, 61, 67, 71, 79, 103, 127, 131, 157, 181, 191, 211, 239,
307, 331, 397, 419, 421, 463, 547, 571, 613, 631, 647, 859, 911, 1021,
1093, 1123, 1171, 1327, 1429, 1483, 1531, 1597, 1871, 2003, 2143, 2311,
2341, 2381, 2927, 3061, 3571, 3877, 4421, 4447, 4523, 4621, 4789, 6007,
6271, 6733, 6917, 7411, 8191, 8581, 8779, 10711, 12541, 13567, 14821,
16381, 16831, 17291, 19891, 20021, 20749, 21319, 23563, 25741, 27847,
29173, 30941, 31123, 35531, 36037, 38039, 40699, 43759, 43891, 46411,
48907, 51871, 58787, 72931, 75583, 78541, 87517, 92821, 97813, 102103,
106591, 117811, 135661, 145861, 163021, 180181, 213181, 235621, 342343,
377911, 406981, 461891, 489061, 554269, 612613, 1058149, 1492261,
1939939, 2238391, 2645371, 2771341, 3233231, 4157011, 4476781]

120: [29, 31, 37, 43, 53, 67, 71, 79, 103, 127, 131, 157, 181, 191, 199, 229,
239, 331, 419, 443, 463, 547, 571, 613, 631, 647, 859, 911, 991, 1021,
1093, 1123, 1171, 1327, 1429, 1483, 1531, 1871, 2003, 2143, 2341, 2381,
2731, 2861, 2927, 3061, 3571, 3877, 4447, 4523, 4621, 4789, 5237, 6007,
6733, 6917, 7411, 8191, 8581, 8779, 8893, 9283, 10711, 11971, 12541,
13567, 14821, 16381, 16831, 17291, 19891, 20021, 20749, 21319, 23563,
25741, 27847, 29173, 30941, 31123, 35531, 36037, 38039, 43759, 43891,
46411, 48907, 51871, 58787, 72931, 75583, 78541, 92821, 97813, 102103,
106591, 117811, 131671, 135661, 145861, 163021, 180181, 235621, 251941,
342343, 377911, 406981, 461891, 489061, 612613, 895357, 1058149,
1492261, 1939939, 2238391, 2645371, 2771341, 3233231, 4157011, 4476781]

121: [23, 29, 31, 37, 43, 53, 61, 67, 79, 103, 127, 131, 157, 181, 199, 211,
229, 239, 307, 331, 397, 419, 421, 443, 463, 547, 571, 613, 631, 647,
661, 859, 991, 1093, 1123, 1171, 1429, 1531, 1597, 1871, 2003, 2143,
2311, 2341, 2731, 2861, 2927, 3061, 3571, 3877, 4421, 4447, 4523, 4621,
4789, 5237, 6007, 6271, 6733, 6917, 7411, 8191, 8581, 8779, 8893, 9283,
10711, 11971, 12541, 14821, 16381, 16831, 17291, 19891, 20021, 20749,
21319, 25741, 27847, 29173, 30941, 31123, 35531, 36037, 38039, 40699,
43759, 43891, 46411, 48907, 51871, 58787, 72931, 78541, 87517, 92821,
97813, 102103, 106591, 131671, 145861, 163021, 180181, 213181, 251941,
342343, 377911, 406981, 461891, 489061, 554269, 612613, 895357, 1058149,
1492261, 1939939, 2238391, 2645371, 2771341, 3233231, 4476781]

122: [23, 29, 31, 37, 53, 61, 67, 71, 79, 103, 127, 131, 157, 181, 191, 199,
211, 239, 307, 331, 397, 419, 421, 443, 463, 547, 571, 613, 631, 647,
661, 859, 911, 991, 1021, 1093, 1123, 1171, 1327, 1429, 1483, 1531,
1871, 2143, 2311, 2341, 2381, 2731, 2861, 2927, 3061, 3571, 3877, 4421,
4523, 4621, 4789, 6007, 6271, 6733, 6917, 8191, 8779, 8893, 9283, 10711,
11971, 13567, 14821, 16381, 16831, 17291, 19381, 19891, 20021, 20749,
23563, 25741, 27847, 29173, 31123, 35531, 36037, 40699, 43759, 43891,
46411, 48907, 51871, 58787, 72931, 75583, 78541, 87517, 92821, 97813,
102103, 106591, 117811, 131671, 135661, 163021, 180181, 235621, 251941,
342343, 377911, 406981, 461891, 489061, 554269, 612613, 895357, 1058149,
1492261, 1939939, 2238391, 2645371, 2771341, 3233231, 4157011, 4476781]

123: [23, 29, 31, 37, 43, 53, 61, 67, 71, 79, 103, 127, 131, 157, 181, 191,
199, 211, 229, 239, 307, 331, 397, 419, 421, 443, 463, 547, 571, 613,
631, 647, 661, 911, 991, 1021, 1093, 1123, 1171, 1327, 1429, 1483, 1531,
1597, 1871, 2003, 2143, 2311, 2341, 2731, 2861, 2927, 3571, 3877, 4421,
4447, 4523, 4621, 4789, 5237, 6007, 6271, 6733, 6917, 8191, 8581, 8779,
8893, 9283, 10711, 11971, 12541, 13567, 14821, 16831, 19381, 20021,
20749, 23563, 25741, 27847, 29173, 30941, 31123, 35531, 36037, 38039,
40699, 43759, 43891, 46411, 48907, 58787, 78541, 87517, 92821, 97813,
102103, 106591, 117811, 131671, 135661, 145861, 163021, 180181, 213181,
251941, 342343, 377911, 406981, 461891, 554269, 612613, 895357, 1058149,
1492261, 1939939, 2238391, 2645371, 2771341, 3233231, 4157011, 4476781]

124: [23, 29, 31, 37, 43, 53, 67, 71, 79, 103, 131, 157, 191, 199, 229, 239,
307, 331, 397, 419, 421, 443, 463, 547, 571, 613, 631, 647, 661, 859,
911, 991, 1021, 1093, 1123, 1171, 1327, 1429, 1483, 1597, 1871, 2003,
2143, 2311, 2341, 2381, 2731, 2861, 2927, 3061, 3571, 3877, 4421, 4447,
4523, 4621, 4789, 5237, 6007, 6271, 6733, 6917, 7411, 8191, 8581, 8779,
8893, 9283, 10711, 11971, 12541, 14821, 16381, 16831, 17291, 19381,
19891, 20749, 21319, 23563, 25741, 27847, 29173, 30941, 35531, 36037,
40699, 43759, 48907, 51871, 58787, 72931, 75583, 78541, 87517, 92821,
97813, 102103, 106591, 117811, 131671, 135661, 145861, 163021, 180181,
235621, 251941, 342343, 377911, 406981, 461891, 489061, 554269, 612613,
895357, 1058149, 1492261, 1939939, 2238391, 2645371, 2771341, 3233231,
4157011, 4476781]

125: [23, 29, 43, 53, 61, 67, 71, 103, 127, 131, 157, 181, 191, 199, 229,
239, 307, 331, 397, 419, 421, 443, 463, 547, 571, 613, 631, 647, 661,
911, 991, 1021, 1093, 1123, 1327, 1429, 1483, 1531, 1871, 2003, 2311,
2341, 2381, 2731, 2861, 2927, 3061, 3571, 3877, 4421, 4447, 4523, 4621,
4789, 5237, 6007, 6271, 6733, 6917, 7411, 8191, 8581, 8779, 8893, 9283,
10711, 11971, 12541, 13567, 14821, 16381, 16831, 17291, 19381, 19891,
20021, 20749, 21319, 23563, 25741, 27847, 29173, 30941, 31123, 35531,
36037, 38039, 40699, 43891, 46411, 48907, 51871, 58787, 72931, 75583,
78541, 87517, 92821, 97813, 102103, 106591, 117811, 131671, 135661,
145861, 163021, 180181, 213181, 235621, 251941, 342343, 377911, 461891,
489061, 554269, 612613, 895357, 1058149, 1492261, 1939939, 2645371,
2771341, 3233231, 4157011, 4476781]

126: [23, 29, 31, 37, 43, 53, 61, 67, 71, 79, 103, 127, 131, 157, 181, 191,
199, 211, 229, 239, 331, 397, 419, 443, 463, 547, 613, 631, 647, 661,
859, 911, 991, 1021, 1093, 1123, 1171, 1327, 1429, 1531, 1597, 1871,
2003, 2143, 2311, 2341, 2381, 2731, 2861, 2927, 3061, 3571, 3877, 4421,
4447, 4523, 4621, 4789, 5237, 6007, 6271, 6733, 6917, 7411, 8191, 8581,
8779, 8893, 9283, 10711, 11971, 12541, 14821, 16381, 16831, 17291,
19381, 19891, 20021, 20749, 21319, 23563, 25741, 27847, 29173, 30941,
31123, 35531, 36037, 38039, 40699, 43759, 43891, 46411, 48907, 51871,
58787, 72931, 75583, 78541, 87517, 92821, 97813, 102103, 106591, 131671,
135661, 145861, 163021, 180181, 213181, 235621, 377911, 406981, 461891,
489061, 554269, 895357, 1058149, 1939939, 2238391, 2645371, 2771341,
3233231, 4157011, 4476781]

127: [23, 29, 31, 37, 43, 53, 61, 67, 71, 79, 103, 127, 131, 157, 181, 191,
199, 211, 229, 239, 331, 397, 419, 421, 443, 463, 547, 571, 613, 631,
647, 661, 859, 911, 991, 1021, 1093, 1123, 1171, 1327, 1429, 1483, 1531,
1597, 1871, 2003, 2341, 2381, 2731, 2861, 2927, 3061, 3571, 3877, 4421,
4447, 4523, 4621, 4789, 5237, 6007, 6271, 6733, 8191, 8581, 8779, 8893,
9283, 10711, 11971, 12541, 13567, 14821, 16381, 16831, 17291, 19381,
19891, 20021, 20749, 21319, 23563, 25741, 27847, 29173, 31123, 35531,
36037, 38039, 40699, 43759, 43891, 46411, 48907, 51871, 58787, 72931,
75583, 78541, 87517, 92821, 97813, 102103, 106591, 117811, 131671,
135661, 145861, 163021, 213181, 235621, 342343, 377911, 406981, 461891,
489061, 612613, 895357, 1058149, 1492261, 1939939, 2238391, 2645371,
2771341, 3233231, 4157011, 4476781]

128: [29, 31, 37, 43, 53, 61, 67, 71, 79, 103, 127, 131, 157, 181, 191, 199
211, 229, 239, 307, 331, 397, 419, 443, 463, 547, 571, 613, 631, 647,
661, 859, 911, 991, 1021, 1093, 1171, 1327, 1429, 1483, 1531, 1871,
2003, 2143, 2311, 2341, 2381, 2731, 2861, 2927, 3061, 3571, 3877, 4421,
4447, 4523, 4621, 4789, 6007, 6271, 6917, 7411, 8191, 8581, 8779, 8893,
9283, 10711, 11971, 12541, 13567, 14821, 16381, 16831, 17291, 19381,
19891, 20021, 20749, 21319, 23563, 27847, 29173, 30941, 31123, 35531,
36037, 38039, 40699, 43759, 43891, 46411, 48907, 51871, 58787, 72931,
75583, 78541, 87517, 92821, 97813, 102103, 106591, 117811, 131671,
135661, 145861, 163021, 180181, 213181, 251941, 342343, 377911, 406981,
461891, 489061, 554269, 612613, 895357, 1058149, 1492261, 1939939,
2238391, 2645371, 2771341, 3233231, 4157011, 4476781]

129: 23, 29, 31, 37, 43, 53, 61, 67, 71, 79, 103, 127, 131, 157, 181, 191,
199, 211, 229, 239, 307, 331, 397, 419, 421, 443, 463, 547, 571, 613,
631, 647, 859, 911, 991, 1021, 1093, 1123, 1171, 1327, 1429, 1483, 1531,
1597, 1871, 2003, 2143, 2311, 2341, 2381, 2861, 2927, 3061, 3571, 3877,
4421, 4447, 4523, 4621, 4789, 5237, 6007, 6271, 6733, 6917, 7411, 8191,
8581, 8779, 8893, 9283, 10711, 11971, 12541, 13567, 14821, 16831, 17291,
19381, 19891, 20021, 20749, 21319, 23563, 25741, 27847, 29173, 30941,
31123, 35531, 36037, 38039, 40699, 43759, 43891, 46411, 48907, 58787,
72931, 78541, 87517, 92821, 97813, 102103, 117811, 131671, 135661,
145861, 163021, 180181, 235621, 251941, 342343, 377911, 406981, 461891,
489061, 554269, 612613, 895357, 1058149, 1492261, 1939939, 2238391,
2645371, 2771341, 3233231, 4157011, 4476781]

130: [23, 29, 31, 37, 43, 53, 61, 67, 71, 79, 103, 127, 131, 157, 181, 191,
199, 211, 229, 239, 307, 331, 397, 419, 421, 443, 463, 547, 571, 613,
631, 647, 661, 859, 911, 991, 1021, 1093, 1123, 1171, 1327, 1429, 1483,
1531, 1597, 1871, 2003, 2143, 2311, 2341, 2381, 2731, 2861, 2927, 3061,
3877, 4421, 4447, 4523, 4621, 4789, 5237, 6007, 6271, 6733, 6917, 7411,
8191, 8581, 8779, 8893, 9283, 10711, 11971, 12541, 13567, 16381, 16831,
17291, 19381, 19891, 20021, 20749, 21319, 23563, 25741, 27847, 30941,
31123, 35531, 36037, 40699, 43891, 46411, 48907, 51871, 58787, 72931,
75583, 78541, 87517, 92821, 97813, 102103, 106591, 117811, 131671,
135661, 145861, 163021, 180181, 213181, 235621, 251941, 342343, 377911,
406981, 461891, 489061, 554269, 612613, 895357, 1058149, 1492261,
1939939, 2238391, 2645371, 2771341, 4157011, 4476781]

131: [19, 23, 29, 31, 37, 41, 43, 53, 61, 67, 71, 79, 89, 103, 113, 127,
131, 137, 157, 181, 199, 239, 241, 281, 307, 313, 331, 337, 409, 421,
443, 463, 521, 547, 613, 617, 631, 661, 859, 881, 911, 937, 953, 991,
1009, 1021, 1093, 1123, 1171, 1327, 1361, 1429, 1531, 1871, 1873, 2003,
2143, 2311, 2341, 2381, 2521, 2731, 2857, 2861, 3061, 3121, 3433, 3571,
3697, 4421, 4621, 5237, 6007, 6121, 6553, 6733, 7481, 8009, 8191, 8581,
9283, 9521, 10711, 12241, 12377, 14281, 15913, 16831, 17137, 17681,
18481, 19891, 20021, 20593, 21841, 22441, 23563, 25741, 27847, 29173,
30941, 36037, 42841, 43759, 48049, 51481, 52361, 55441, 72073, 74257,
78541, 79561, 87517, 92821, 97241, 102103, 116689, 117811, 120121,
145861, 157081, 180181, 185641, 235621, 314161, 371281, 471241, 612613,
680681, 816817, 4084081]

132: [19, 23, 29, 31, 37, 41, 43, 53, 61, 67, 71, 73, 79, 89, 103, 113, 127,
131, 137, 157, 181, 199, 211, 239, 241, 281, 307, 313, 331, 337, 397,
409, 421, 443, 463, 521, 547, 613, 617, 631, 661, 859, 881, 911, 937,
953, 991, 1009, 1021, 1093, 1123, 1171, 1321, 1327, 1361, 1531, 1871,
1873, 2003, 2143, 2311, 2341, 2381, 2521, 2731, 2861, 3061, 3121, 3433,
3571, 3697, 4421, 4621, 5237, 6007, 6121, 6553, 6733, 7481, 8009, 8191,
8581, 9241, 9283, 9521, 10711, 12241, 15913, 16381, 16831, 17137, 17681,
18481, 19891, 20021, 20593, 21841, 22441, 23563, 25741, 27847, 29173,
30941, 36037, 42841, 43759, 46411, 48049, 51481, 55441, 65521, 79561,
87517, 92821, 97241, 102103, 116689, 117811, 120121, 145861, 157081,
180181, 185641, 235621, 291721, 314161, 371281, 471241, 612613, 680681,
816817, 4084081]

133: [19, 23, 29, 31, 37, 41, 43, 53, 61, 67, 71, 73, 79, 89, 103, 113, 131,
137, 157, 181, 199, 211, 239, 241, 281, 307, 313, 331, 337, 397, 409,
421, 443, 463, 521, 547, 613, 617, 631, 661, 859, 911, 937, 953, 991,
1009, 1021, 1093, 1123, 1171, 1321, 1327, 1361, 1871, 1873, 2003, 2143,
2311, 2341, 2381, 2521, 2731, 2857, 2861, 3061, 3121, 3433, 3571, 3697,
4421, 4621, 5237, 6007, 6121, 6553, 6733, 7481, 8009, 8191, 8581, 9241,
9283, 9521, 10711, 12241, 12377, 14281, 15913, 16381, 16831, 17681,
18481, 19891, 20021, 20593, 21841, 22441, 23563, 25741, 27847, 29173,
30941, 36037, 42841, 43759, 46411, 48049, 51481, 52361, 55441, 65521,
72073, 74257, 78541, 79561, 87517, 92821, 102103, 116689, 117811,
120121, 145861, 157081, 180181, 235621, 291721, 314161, 371281, 471241,
612613, 680681, 816817, 4084081]

134: [19, 23, 29, 31, 37, 41, 43, 53, 61, 67, 71, 79, 89, 103, 113, 127,
131, 137, 157, 181, 199, 211, 239, 241, 281, 313, 331, 337, 397, 409,
421, 443, 463, 521, 547, 613, 617, 631, 661, 859, 881, 911, 937, 953,
991, 1009, 1021, 1093, 1123, 1171, 1321, 1327, 1361, 1429, 1531, 1871,
1873, 2003, 2143, 2311, 2341, 2381, 2521, 2731, 2857, 2861, 3061, 3121,
3433, 3697, 4421, 4621, 5237, 6007, 6121, 6553, 6733, 7481, 8009, 8581,
9241, 9283, 9521, 10711, 12241, 12377, 14281, 15913, 16381, 16831,
17137, 17681, 18481, 19891, 20021, 20593, 21841, 22441, 23563, 25741,
27847, 29173, 30941, 36037, 42841, 43759, 46411, 48049, 52361, 55441,
65521, 72073, 72931, 74257, 78541, 79561, 87517, 97241, 102103, 116689,
117811, 120121, 145861, 157081, 180181, 185641, 235621, 291721, 314161,
371281, 612613, 680681, 816817, 4084081]

135: [19, 23, 29, 31, 37, 41, 43, 53, 61, 67, 71, 73, 79, 89, 103, 113, 127,
131, 137, 157, 181, 199, 239, 241, 281, 307, 313, 331, 337, 397, 409,
421, 443, 463, 521, 547, 613, 617, 631, 661, 859, 881, 911, 937, 953,
991, 1009, 1021, 1093, 1123, 1171, 1321, 1327, 1361, 1429, 1531, 1871,
1873, 2003, 2143, 2311, 2341, 2381, 2521, 2731, 2857, 2861, 3061, 3121,
3433, 3571, 3697, 4421, 6007, 6121, 6733, 7481, 8009, 8191, 8581, 9241,
9283, 9521, 10711, 12241, 12377, 14281, 15913, 16381, 16831, 17137,
17681, 18481, 19891, 20021, 20593, 21841, 22441, 23563, 25741, 27847,
29173, 30941, 36037, 42841, 43759, 46411, 48049, 52361, 55441, 65521,
72073, 72931, 74257, 78541, 79561, 87517, 92821, 102103, 116689, 117811,
120121, 145861, 157081, 180181, 185641, 235621, 291721, 314161, 371281,
471241, 612613, 680681, 816817, 4084081]

136: [19, 23, 29, 37, 41, 43, 53, 61, 67, 71, 73, 79, 89, 103, 113, 127,
131, 137, 157, 181, 199, 211, 239, 241, 281, 307, 313, 331, 337, 397,
409, 421, 443, 463, 521, 547, 613, 617, 631, 661, 859, 881, 911, 937,
953, 1009, 1021, 1093, 1123, 1171, 1321, 1327, 1361, 1429, 1531, 1871,
1873, 2003, 2143, 2311, 2341, 2381, 2521, 2857, 2861, 3061, 3121, 3433,
3571, 3697, 4421, 4621, 5237, 6007, 6121, 6553, 6733, 7481, 8009, 8191,
8581, 9241, 9283, 9521, 10711, 12241, 12377, 14281, 15913, 16381, 16831,
17137, 17681, 19891, 20021, 20593, 21841, 22441, 23563, 25741, 27847,
29173, 30941, 36037, 42841, 43759, 46411, 48049, 51481, 52361, 55441,
65521, 72073, 72931, 74257, 78541, 79561, 87517, 92821, 97241, 102103,
116689, 117811, 120121, 145861, 157081, 180181, 185641, 235621, 291721,
314161, 371281, 471241, 612613, 680681, 816817, 4084081]

137: [29, 31, 43, 53, 61, 67, 71, 79, 103, 131, 139, 157, 191, 211, 229,
239, 331, 419, 421, 461, 547, 571, 599, 647, 661, 691, 859, 911, 967,
1013, 1093, 1123, 1327, 1429, 1483, 1597, 1871, 1933, 2003, 2311, 2347,
2531, 2731, 2861, 2927, 3037, 3221, 3571, 3911, 4421, 4523, 4621, 4831,
5237, 5981, 6007, 6271, 6917, 7411, 7591, 8581, 8741, 8779, 8971, 9283,
9661, 10627, 10949, 11731, 12541, 13567, 14821, 17291, 19381, 20021,
20333, 20749, 21319, 25117, 28843, 29173, 29717, 30941, 35531, 36709,
38039, 43891, 46411, 51613, 58787, 62791, 72931, 78541, 91771, 92821,
102103, 106261, 106591, 111827, 113621, 134597, 138139, 145861, 163021,
213181, 258061, 276277, 304981, 336491, 355811, 426973, 445741, 461891,
520031, 554269, 602141, 624037, 749893, 782783, 903211, 1118261,
1381381, 1492261, 1749749, 1806421, 1939939, 2134861, 2348347, 2624623,
2704157, 2771341, 2897311, 3354781, 8112469, 13123111, 17160991,
40562341]

138: [29, 31, 43, 47, 53, 61, 71, 79, 103, 139, 157, 191, 211, 229, 239,
277, 331, 419, 421, 443, 461, 463, 547, 571, 599, 647, 661, 691, 859,
911, 967, 1013, 1021, 1093, 1123, 1381, 1429, 1483, 1597, 1871, 1933,
2311, 2381, 2531, 2731, 2861, 3037, 3221, 3571, 3877, 3911, 4421, 4523,
4621, 5237, 5981, 6007, 6271, 6917, 7591, 8581, 8741, 8779, 8971, 9283,
9661, 10627, 10949, 11731, 12541, 13567, 14821, 17291, 19381, 20021,
20333, 20749, 21319, 28843, 29173, 29717, 30941, 35531, 36709, 38039,
43891, 46411, 51613, 51871, 58787, 62791, 72931, 78541, 91771, 92821,
106261, 106591, 111827, 113621, 134597, 138139, 163021, 197341, 213181,
251941, 258061, 276277, 304981, 336491, 355811, 426973, 445741, 520031,
554269, 602141, 624037, 749893, 782783, 903211, 1118261, 1193011,
1381381, 1492261, 1749749, 1806421, 1939939, 2134861, 2348347, 2624623,
2704157, 2771341, 2897311, 3233231, 3354781, 3749461, 13123111,
17160991, 40562341]

139: [29, 31, 43, 47, 53, 61, 67, 71, 79, 103, 131, 157, 191, 211, 229, 239,
277, 331, 419, 443, 461, 463, 547, 571, 599, 647, 691, 859, 911, 967,
1013, 1021, 1093, 1123, 1327, 1381, 1429, 1483, 1597, 1933, 2003, 2311,
2347, 2381, 2531, 2731, 2861, 2927, 3221, 3571, 3877, 3911, 4421, 4523,
4621, 4831, 5237, 6271, 6917, 7591, 8581, 8741, 8779, 8971, 9283, 9661,
10627, 10949, 11731, 12541, 13567, 14821, 17291, 19381, 20021, 20333,
20749, 21319, 25117, 29173, 29717, 35531, 36709, 38039, 43891, 46411,
51613, 51871, 58787, 62791, 72931, 78541, 91771, 92821, 102103, 106261,
106591, 111827, 113621, 134597, 135661, 145861, 163021, 197341, 213181,
251941, 258061, 276277, 304981, 336491, 355811, 426973, 445741, 520031,
554269, 602141, 624037, 749893, 782783, 903211, 1118261, 1193011,
1381381, 1492261, 1749749, 1806421, 1939939, 2134861, 2348347, 2624623,
2704157, 2771341, 2897311, 3233231, 3354781, 3749461, 8112469, 13123111,
40562341]

140: [31, 43, 53, 61, 67, 71, 79, 103, 131, 139, 191, 211, 229, 239, 277,
331, 419, 421, 443, 461, 463, 547, 571, 599, 647, 691, 859, 911, 967,
1013, 1021, 1093, 1123, 1327, 1429, 1483, 1597, 1871, 1933, 2003, 2311,
2347, 2381, 2531, 2731, 2861, 2927, 3037, 3221, 3571, 3877, 3911, 4421,
4523, 4621, 4831, 5237, 5981, 6007, 6271, 6917, 7591, 8581, 8741, 8779,
8971, 9661, 10627, 10949, 11731, 12541, 14821, 17291, 19381, 20021,
20333, 20749, 21319, 25117, 28843, 29717, 30941, 35531, 36709, 38039,
43891, 46411, 51613, 51871, 58787, 62791, 72931, 78541, 91771, 92821,
102103, 106261, 106591, 111827, 113621, 134597, 135661, 138139, 145861,
163021, 197341, 213181, 251941, 258061, 276277, 304981, 336491, 355811,
426973, 445741, 520031, 554269, 602141, 624037, 749893, 782783, 903211,
1118261, 1193011, 1381381, 1492261, 1806421, 1939939, 2134861, 2348347,
2624623, 2704157, 2771341, 3233231, 3354781, 3749461, 8112469, 13123111,
17160991, 40562341]

141: [29, 31, 43, 61, 67, 71, 79, 103, 131, 139, 157, 191, 211, 229, 239,
277, 331, 419, 421, 443, 461, 463, 547, 571, 599, 647, 661, 691, 859,
1021, 1093, 1123, 1327, 1381, 1429, 1483, 1597, 1871, 1933, 2003, 2311,
2347, 2381, 2531, 2731, 2861, 2927, 3037, 3221, 3571, 3877, 3911, 4421,
4523, 4621, 4831, 5237, 5981, 6007, 6271, 6917, 7411, 7591, 8581, 8741,
8779, 8971, 9283, 9661, 10627, 10949, 11731, 12541, 13567, 14821, 17291,
19381, 20021, 21319, 25117, 28843, 29173, 29717, 30941, 35531, 36709,
38039, 43891, 46411, 51871, 58787, 62791, 72931, 78541, 91771, 92821,
102103, 106261, 106591, 111827, 113621, 134597, 135661, 138139, 145861,
163021, 197341, 213181, 251941, 258061, 276277, 304981, 336491, 355811,
426973, 445741, 461891, 520031, 554269, 624037, 749893, 782783, 903211,
1118261, 1193011, 1381381, 1492261, 1749749, 1806421, 1939939, 2134861,
2624623, 2704157, 2771341, 2897311, 3233231, 3354781, 8112469, 13123111,
17160991, 40562341]

142: [29, 31, 43, 47, 53, 61, 67, 71, 79, 103, 131, 157, 191, 211, 229, 239,
277, 331, 419, 421, 443, 461, 463, 547, 571, 599, 647, 661, 691, 859,
911, 967, 1013, 1021, 1093, 1123, 1327, 1381, 1429, 1483, 1597, 1871,
1933, 2003, 2311, 2381, 2531, 2861, 2927, 3037, 3221, 3571, 3877, 3911,
4421, 4523, 4621, 4831, 5237, 5981, 6007, 6271, 6917, 7411, 7591, 8581,
8741, 8779, 8971, 9283, 9661, 10627, 10949, 11731, 12541, 14821, 17291,
19381, 20021, 20333, 20749, 21319, 25117, 28843, 29173, 29717, 30941,
35531, 36709, 38039, 43891, 46411, 51613, 51871, 58787, 62791, 72931,
78541, 91771, 92821, 102103, 106261, 106591, 111827, 113621, 135661,
138139, 145861, 163021, 197341, 213181, 251941, 258061, 276277, 304981,
336491, 355811, 445741, 461891, 554269, 602141, 749893, 782783, 903211,
1118261, 1193011, 1381381, 1492261, 1749749, 1806421, 1939939, 2134861,
2348347, 2624623, 2704157, 2771341, 2897311, 3233231, 3354781, 3749461,
8112469, 13123111]

143: [29, 31, 43, 47, 53, 61, 67, 71, 79, 103, 131, 139, 157, 211, 229, 239,
277, 331, 419, 421, 443, 461, 463, 547, 571, 599, 647, 661, 691, 859,
911, 967, 1013, 1021, 1093, 1123, 1327, 1381, 1429, 1483, 1597, 1871,
2003, 2311, 2347, 2381, 2531, 2731, 2861, 2927, 3037, 3221, 3571, 3877,
3911, 4421, 4523, 4621, 4831, 5237, 5981, 6007, 6271, 6917, 7411, 7591,
8581, 8741, 8779, 8971, 9283, 10627, 10949, 11731, 12541, 13567, 14821,
17291, 19381, 20021, 20333, 20749, 21319, 25117, 28843, 29717, 30941,
35531, 36709, 38039, 43891, 46411, 51613, 51871, 58787, 62791, 72931,
78541, 91771, 92821, 102103, 106591, 111827, 113621, 134597, 135661,
138139, 145861, 197341, 213181, 251941, 258061, 276277, 304981, 336491,
426973, 445741, 461891, 520031, 554269, 602141, 624037, 749893, 782783,
1118261, 1193011, 1381381, 1492261, 1749749, 1806421, 1939939, 2134861,
2348347, 2704157, 2771341, 2897311, 3233231, 3354781, 3749461, 8112469,
13123111, 17160991, 40562341]

144: [29, 31, 43, 47, 53, 61, 67, 79, 103, 131, 139, 157, 191, 211, 229,
239, 277, 331, 419, 421, 443, 461, 463, 547, 571, 599, 647, 661, 691,
859, 911, 967, 1013, 1021, 1123, 1327, 1381, 1483, 1597, 1871, 1933,
2003, 2311, 2347, 2381, 2531, 2731, 2861, 2927, 3037, 3221, 3571, 3877,
3911, 4421, 4523, 4621, 4831, 5237, 5981, 6007, 6271, 6917, 7411, 7591,
8581, 8741, 8779, 8971, 9283, 9661, 10627, 10949, 11731, 12541, 13567,
14821, 17291, 19381, 20021, 20333, 20749, 21319, 25117, 29173, 29717,
30941, 35531, 36709, 38039, 43891, 46411, 51613, 51871, 58787, 62791,
72931, 78541, 92821, 106261, 106591, 111827, 113621, 134597, 135661,
138139, 145861, 163021, 213181, 251941, 258061, 276277, 304981, 336491,
355811, 426973, 445741, 461891, 520031, 554269, 602141, 624037, 749893,
782783, 903211, 1118261, 1193011, 1381381, 1492261, 1806421, 1939939,
2134861, 2348347, 2624623, 2704157, 2771341, 2897311, 3233231, 3354781,
3749461, 8112469, 13123111, 17160991, 40562341]

145: [19, 23, 29, 37, 53, 61, 67, 71, 73, 79, 89, 103, 109, 127, 131, 137,
157, 181, 199, 211, 271, 281, 307, 313, 331, 379, 397, 409, 421, 443,
463, 521, 541, 547, 613, 617, 631, 661, 757, 859, 911, 919, 937, 953,
991, 1021, 1093, 1123, 1171, 1321, 1327, 1429, 1531, 1871, 2003, 2143,
2311, 2341, 2377, 2381, 2521, 2731, 2857, 3061, 3433, 3511, 3571, 3673,
4159, 4421, 4591, 4621, 5237, 6007, 6121, 6427, 6553, 6733, 7481, 7561,
7723, 8009, 8191, 8317, 8581, 9181, 9241, 9283, 9829, 10099, 10711,
12377, 12853, 14281, 16381, 16633, 16831, 19891, 20021, 22441, 23563,
23869, 25741, 27847, 29173, 30941, 36037, 38611, 42841, 43759, 46411,
47737, 51481, 52361, 59671, 70687, 72073, 72931, 78541, 79561, 87517,
97241, 100981, 108109, 117811, 120121, 128521, 145861, 157081, 180181,
185641, 201961, 235621, 238681, 270271, 291721, 417691, 471241, 540541,
612613, 656371, 680681, 1670761, 1837837, 9189181]

146: [19, 23, 29, 31, 37, 41, 43, 53, 61, 67, 71, 73, 79, 103, 109, 127,
131, 137, 157, 181, 199, 211, 239, 271, 307, 313, 331, 379, 397, 409,
421, 443, 463, 521, 541, 613, 617, 631, 661, 757, 859, 911, 919, 937,
953, 991, 1021, 1093, 1123, 1171, 1321, 1327, 1429, 1531, 1871, 2003,
2143, 2311, 2341, 2377, 2381, 2521, 2731, 2857, 2861, 3061, 3433, 3511,
3571, 3673, 4159, 4421, 4591, 5237, 6007, 6121, 6427, 6553, 6733, 7481,
7561, 7723, 8191, 8317, 8581, 9181, 9241, 9283, 9829, 10711, 12377,
14281, 15913, 16381, 16831, 19891, 20021, 22441, 23563, 23869, 24571,
25741, 27847, 29173, 30941, 36037, 38611, 42841, 43759, 46411, 47737,
51481, 52361, 70687, 72073, 72931, 78541, 79561, 87517, 92821, 97241,
102103, 108109, 117811, 120121, 128521, 145861, 157081, 167077, 180181,
185641, 201961, 216217, 235621, 270271, 291721, 417691, 471241, 540541,
612613, 656371, 680681, 1670761, 1837837, 2625481, 9189181]

147: [19, 23, 29, 31, 37, 41, 43, 53, 61, 67, 71, 73, 89, 103, 109, 127,
131, 137, 157, 181, 199, 211, 239, 271, 281, 307, 313, 331, 379, 397,
409, 421, 443, 521, 541, 547, 613, 617, 631, 661, 757, 859, 911, 919,
937, 953, 1021, 1093, 1123, 1171, 1321, 1327, 1429, 1531, 1871, 2003,
2143, 2311, 2341, 2377, 2381, 2521, 2731, 2857, 2861, 2971, 3433, 3511,
3571, 3673, 4159, 4421, 4591, 4621, 5237, 6007, 6121, 6427, 6553, 6733,
7561, 7723, 8009, 8191, 8317, 8581, 9181, 9241, 9283, 9829, 10099,
10711, 12377, 12853, 14281, 15913, 16381, 16633, 16831, 19891, 20021,
22441, 23563, 23869, 24571, 27847, 29173, 30941, 36037, 43759, 46411,
47737, 51481, 52361, 59671, 70687, 72073, 72931, 78541, 79561, 87517,
92821, 97241, 102103, 108109, 117811, 120121, 128521, 145861, 157081,
167077, 180181, 185641, 201961, 216217, 235621, 238681, 270271, 291721,
471241, 540541, 612613, 680681, 1670761, 1837837, 2625481, 9189181]

148: [19, 23, 29, 31, 37, 41, 43, 53, 61, 67, 71, 73, 79, 103, 109, 127,
131, 137, 157, 199, 211, 239, 271, 281, 307, 313, 331, 379, 397, 409,
421, 443, 463, 521, 541, 547, 613, 617, 631, 757, 859, 911, 919, 937,
953, 1021, 1093, 1123, 1171, 1321, 1327, 1429, 1531, 1871, 2003, 2143,
2311, 2377, 2381, 2521, 2731, 2857, 2861, 2971, 3061, 3433, 3511, 3571,
3673, 4159, 4421, 4591, 4621, 5237, 6007, 6121, 6427, 6553, 6733, 7481,
7561, 7723, 8009, 8191, 8317, 9181, 9241, 9283, 9829, 10099, 10711,
12377, 14281, 15913, 16381, 16633, 16831, 19891, 20021, 22441, 23563,
23869, 24571, 25741, 27847, 29173, 30941, 36037, 38611, 42841, 43759,
46411, 47737, 51481, 52361, 70687, 72073, 72931, 78541, 79561, 87517,
92821, 97241, 100981, 102103, 108109, 117811, 120121, 128521, 145861,
157081, 167077, 185641, 201961, 216217, 235621, 238681, 270271, 291721,
417691, 471241, 540541, 612613, 656371, 680681, 1670761, 1837837,
9189181]

149: [19, 23, 29, 31, 37, 41, 43, 53, 61, 67, 71, 73, 79, 89, 103, 109, 127,
131, 137, 157, 181, 199, 211, 239, 271, 281, 307, 313, 331, 379, 397,
409, 421, 443, 463, 521, 547, 613, 617, 631, 661, 757, 859, 919, 937,
953, 991, 1021, 1093, 1123, 1171, 1321, 1327, 1429, 1531, 2003, 2143,
2311, 2377, 2381, 2521, 2731, 2857, 2861, 2971, 3061, 3433, 3511, 3571,
3673, 4421, 4591, 4621, 5237, 6007, 6121, 6427, 6553, 6733, 7481, 7561,
8009, 8191, 8317, 8581, 9181, 9241, 9283, 9829, 10099, 10711, 12377,
12853, 14281, 15913, 16381, 16633, 16831, 19891, 20021, 22441, 23563,
23869, 24571, 25741, 27847, 29173, 36037, 38611, 42841, 43759, 46411,
47737, 51481, 52361, 59671, 70687, 72073, 72931, 78541, 79561, 87517,
92821, 97241, 100981, 102103, 108109, 117811, 120121, 128521, 145861,
157081, 167077, 180181, 185641, 216217, 235621, 238681, 270271, 291721,
417691, 471241, 540541, 612613, 656371, 680681, 1837837, 2625481,
9189181]

150:[19, 23, 29, 31, 37, 41, 43, 53, 61, 67, 71, 73, 79, 89, 103, 109, 127,
131, 137, 157, 181, 199, 211, 239, 271, 281, 307, 313, 331, 379, 397,
409, 421, 443, 463, 521, 541, 547, 613, 617, 631, 661, 757, 859, 911,
919, 937, 953, 991, 1021, 1123, 1171, 1321, 1327, 1429, 1531, 2003,
2143, 2311, 2341, 2377, 2381, 2521, 2731, 2857, 2861, 2971, 3061, 3433,
3511, 3571, 4159, 4421, 4591, 4621, 5237, 6007, 6121, 6427, 6553, 6733,
7481, 7561, 7723, 8009, 8191, 8317, 8581, 9181, 9241, 9283, 9829, 10711,
12377, 14281, 15913, 16381, 16633, 16831, 19891, 20021, 22441, 23563,
23869, 24571, 25741, 27847, 29173, 30941, 36037, 38611, 42841, 46411,
47737, 51481, 52361, 59671, 70687, 72073, 72931, 78541, 79561, 87517,
92821, 97241, 100981, 102103, 108109, 117811, 120121, 128521, 145861,
157081, 167077, 180181, 185641, 201961, 216217, 235621, 238681, 270271,
417691, 471241, 540541, 612613, 680681, 1670761, 1837837, 2625481,
9189181]

151: [19, 23, 29, 31, 37, 41, 43, 61, 67, 71, 73, 79, 89, 103, 109, 127,
131, 137, 157, 181, 199, 211, 239, 271, 281, 307, 313, 331, 379, 397,
421, 443, 463, 521, 547, 613, 617, 631, 661, 757, 859, 911, 919, 953,
991, 1021, 1093, 1123, 1171, 1321, 1327, 1429, 1531, 1871, 2003, 2143,
2311, 2341, 2377, 2381, 2521, 2731, 2857, 2861, 2971, 3433, 3511, 3571,
3673, 4159, 4421, 4591, 4621, 5237, 6007, 6427, 6553, 6733, 7481, 7561,
7723, 8009, 8191, 8317, 8581, 9181, 9241, 9283, 9829, 10099, 10711,
12377, 12853, 14281, 15913, 16381, 16633, 16831, 19891, 20021, 22441,
23563, 23869, 24571, 25741, 27847, 30941, 36037, 38611, 42841, 43759,
46411, 47737, 51481, 52361, 59671, 70687, 72073, 72931, 78541, 79561,
87517, 92821, 97241, 100981, 102103, 108109, 117811, 120121, 128521,
145861, 157081, 167077, 180181, 185641, 201961, 216217, 235621, 238681,
270271, 291721, 417691, 471241, 540541, 612613, 656371, 680681, 1670761,
1837837, 2625481, 9189181]

152: [19, 23, 29, 31, 37, 41, 43, 53, 61, 67, 71, 73, 79, 89, 103, 109, 127,
131, 137, 157, 181, 211, 239, 271, 281, 307, 313, 331, 379, 397, 409,
421, 443, 463, 521, 541, 547, 613, 617, 631, 661, 757, 859, 911, 919,
937, 953, 991, 1021, 1093, 1123, 1171, 1321, 1327, 1429, 1531, 1871,
2003, 2143, 2341, 2377, 2521, 2731, 2857, 2861, 2971, 3061, 3433, 3511,
3571, 3673, 4159, 4421, 4591, 4621, 5237, 6007, 6121, 6427, 6553, 6733,
7481, 7561, 7723, 8009, 8191, 8317, 8581, 9241, 9283, 9829, 10099,
10711, 12377, 12853, 14281, 15913, 16381, 16633, 16831, 19891, 20021,
22441, 23563, 23869, 24571, 25741, 27847, 29173, 30941, 36037, 38611,
42841, 43759, 46411, 47737, 51481, 52361, 59671, 70687, 72073, 72931,
79561, 87517, 92821, 97241, 100981, 102103, 108109, 117811, 120121,
128521, 145861, 157081, 167077, 180181, 185641, 201961, 216217, 235621,
238681, 270271, 291721, 417691, 471241, 540541, 656371, 680681, 1670761,
1837837, 2625481, 9189181]

153: [19, 23, 29, 31, 37, 41, 43, 53, 61, 67, 71, 73, 79, 89, 103, 109, 127,
137, 157, 181, 199, 211, 239, 271, 281, 307, 313, 331, 379, 397, 409,
421, 443, 463, 521, 541, 547, 613, 617, 631, 661, 757, 859, 911, 919,
937, 953, 991, 1021, 1093, 1123, 1171, 1321, 1327, 1429, 1531, 1871,
2003, 2143, 2341, 2377, 2381, 2521, 2731, 2857, 2861, 2971, 3061, 3433,
3511, 3571, 3673, 4159, 4421, 4591, 4621, 5237, 6007, 6121, 6427, 6553,
6733, 7481, 7561, 7723, 8009, 8191, 8317, 8581, 9181, 9241, 9283, 9829,
10099, 10711, 12377, 12853, 14281, 15913, 16381, 16633, 16831, 19891,
20021, 22441, 23563, 23869, 24571, 25741, 27847, 29173, 30941, 36037,
38611, 42841, 43759, 46411, 47737, 51481, 59671, 70687, 72073, 72931,
78541, 79561, 87517, 92821, 97241, 100981, 102103, 108109, 117811,
120121, 128521, 145861, 157081, 180181, 185641, 201961, 216217, 235621,
238681, 270271, 291721, 417691, 471241, 540541, 612613, 656371, 1670761,
1837837, 2625481, 9189181]

158: [19, 23, 29, 31, 37, 43, 53, 61, 67, 79, 101, 103, 131, 151, 157, 181,
197, 199, 211, 239, 307, 331, 397, 421, 443, 491, 547, 613, 631, 661,
701, 859, 883, 911, 991, 1021, 1123, 1171, 1301, 1327, 1429, 1471, 1531,
1667, 1871, 1951, 2003, 2143, 2311, 2341, 2381, 2549, 2551, 2731, 2861,
3301, 3571, 3823, 3851, 4421, 4621, 4951, 4999, 5101, 5237, 5851, 6007,
6301, 6469, 6733, 7151, 7351, 8191, 8581, 8821, 9901, 10711, 10781,
11467, 11551, 11701, 16381, 16661, 16831, 17851, 18701, 19891, 20021,
22051, 23563, 25741, 26951, 27847, 28051, 29173, 29989, 30941, 32341,
33151, 34651, 36037, 36653, 41651, 42043, 42901, 43759, 44101, 46411,
50051, 53551, 54979, 56101, 57331, 66301, 72931, 77351, 78541, 81901,
87517, 91631, 92821, 102103, 107101, 114661, 117811, 124951, 126127,
145861, 150151, 180181, 198901, 232051, 235621, 242551, 243101, 252253,
286651, 300301, 324871, 476477, 485101, 729301, 749701, 824671, 1051051,
1093951, 1178101, 1191191, 1261261, 1624351, 1649341, 2144143, 2187901,
3248701, 4873051, 5105101, 10720711, 21441421]

159: [19, 23, 29, 31, 37, 43, 53, 61, 67, 71, 79, 101, 103, 127, 131, 151,
157, 181, 197, 199, 211, 239, 307, 331, 397, 421, 443, 463, 491, 547,
613, 631, 701, 859, 883, 911, 991, 1021, 1051, 1093, 1123, 1171, 1301,
1327, 1471, 1531, 1667, 1871, 1951, 2003, 2143, 2311, 2341, 2381, 2549,
2551, 2731, 2861, 3301, 3571, 3823, 3851, 4421, 4621, 4999, 5101, 5237,
5851, 6007, 6301, 6469, 6733, 7151, 7351, 8191, 8581, 8821, 9283, 9901,
10711, 10781, 11467, 11551, 11701, 16381, 16661, 16831, 17851, 18701,
19891, 20021, 22051, 23563, 25741, 26951, 27847, 29173, 29989, 30941,
32341, 33151, 34651, 36037, 36653, 41651, 42901, 43759, 44101, 46411,
50051, 53551, 54979, 56101, 57331, 66301, 77351, 78541, 81901, 87517,
91631, 92821, 97021, 102103, 107101, 114661, 117811, 124951, 126127,
145861, 150151, 180181, 198901, 232051, 242551, 243101, 252253, 286651,
300301, 324871, 350351, 420421, 476477, 485101, 612613, 729301, 749701,
824671, 1051051, 1093951, 1178101, 1191191, 1261261, 1624351, 1649341,
2144143, 4873051, 5105101, 10720711, 21441421]

160: [19, 23, 29, 31, 37, 43, 53, 67, 71, 79, 101, 103, 127, 131, 151, 157,
181, 197, 199, 211, 239, 307, 331, 397, 421, 443, 463, 491, 547, 613,
631, 661, 701, 883, 911, 991, 1021, 1051, 1093, 1171, 1301, 1327, 1429,
1471, 1531, 1667, 1871, 1951, 2003, 2143, 2311, 2341, 2381, 2549, 2551,
2731, 2861, 3061, 3301, 3571, 3823, 3851, 4421, 4621, 4951, 4999, 5101,
5237, 5851, 6007, 6301, 6733, 7151, 7351, 8191, 8821, 9283, 9901, 10711,
10781, 11467, 11551, 11701, 16661, 16831, 17851, 18701, 19891, 20021,
22051, 25741, 26951, 27847, 28051, 29173, 29989, 30941, 32341, 33151,
34651, 36037, 36653, 41651, 42043, 42901, 43759, 44101, 46411, 50051,
53551, 54979, 56101, 57331, 66301, 72931, 77351, 78541, 81901, 87517,
91631, 92821, 97021, 102103, 107101, 114661, 117811, 124951, 126127,
145861, 150151, 180181, 198901, 232051, 235621, 242551, 243101, 252253,
286651, 300301, 324871, 350351, 420421, 450451, 476477, 485101, 612613,
729301, 749701, 824671, 1051051, 1093951, 1178101, 1191191, 1261261,
1624351, 1649341, 2187901, 3248701, 10720711, 21441421]

162: [19, 23, 29, 31, 37, 41, 43, 53, 61, 67, 71, 73, 79, 89, 97, 103, 113,
127, 131, 137, 181, 199, 211, 239, 241, 281, 307, 313, 331, 337, 353,
397, 409, 421, 443, 547, 613, 617, 631, 661, 673, 881, 911, 937, 953,
991, 1009, 1021, 1093, 1123, 1171, 1249, 1321, 1327, 1361, 1429, 1531,
1871, 1873, 2003, 2017, 2081, 2143, 2341, 2381, 2521, 2731, 2857, 3061,
3121, 3169, 3361, 3433, 3571, 3697, 4421, 4621, 5237, 5281, 6007, 6121,
6553, 6733, 7393, 7481, 8009, 8161, 8191, 8581, 8737, 9241, 9283, 9521,
10711, 12241, 12377, 13729, 14281, 14561, 15913, 16381, 16831, 17137,
17681, 18481, 19891, 20021, 20593, 21841, 22441, 23563, 24481, 25741,
26209, 27847, 29173, 29921, 30941, 34273, 36037, 42841, 43759, 46411,
48049, 51481, 52361, 53857, 55441, 63649, 65521, 72073, 72931, 74257,
78541, 79561, 87517, 92821, 96097, 97241, 102103, 110881, 116689,
117811, 131041, 145861, 148513, 157081, 180181, 209441, 235621, 269281,
291721, 314161, 371281, 388961, 445537, 612613, 680681, 816817, 1633633,
4084081, 8168161]

163: [19, 23, 29, 31, 37, 41, 43, 53, 61, 67, 71, 73, 79, 89, 97, 103, 113,
127, 131, 137, 157, 181, 199, 211, 239, 241, 281, 313, 331, 337, 353,
397, 409, 421, 443, 463, 521, 547, 613, 617, 631, 661, 673, 859, 881,
911, 937, 953, 991, 1009, 1021, 1093, 1123, 1171, 1249, 1321, 1327,
1361, 1429, 1531, 1871, 1873, 2003, 2017, 2081, 2143, 2311, 2521, 2731,
2857, 2861, 3061, 3121, 3169, 3361, 3433, 3571, 3697, 4421, 5237, 5281,
6007, 6121, 6553, 7393, 7481, 8009, 8161, 8191, 8581, 8737, 9241, 9283,
9521, 10711, 12241, 12377, 13729, 14561, 15913, 16831, 17137, 17681,
18481, 19891, 20593, 21841, 22441, 23563, 24481, 25741, 26209, 27847,
29173, 29921, 30941, 34273, 36037, 42841, 43759, 46411, 48049, 51481,
52361, 53857, 55441, 63649, 65521, 72073, 72931, 74257, 78541, 79561,
87517, 92821, 96097, 97241, 102103, 110881, 116689, 117811, 120121,
131041, 145861, 148513, 180181, 185641, 209441, 235621, 269281, 291721,
314161, 371281, 388961, 445537, 471241, 612613, 680681, 700129, 816817,
1633633, 4084081, 8168161]

164: [19, 23, 29, 31, 37, 41, 43, 53, 61, 67, 71, 73, 79, 89, 97, 103, 113,
127, 131, 137, 157, 181, 199, 211, 239, 241, 281, 307, 313, 331, 337,
353, 397, 409, 421, 443, 463, 521, 547, 613, 617, 631, 661, 673, 859,
881, 911, 937, 953, 991, 1009, 1021, 1093, 1123, 1171, 1249, 1321, 1327,
1361, 1429, 1531, 1871, 1873, 2003, 2017, 2081, 2143, 2381, 2521, 2731,
2857, 2861, 3061, 3121, 3169, 3361, 3433, 3571, 4421, 4621, 5237, 5281,
6007, 6553, 6733, 7393, 7481, 8009, 8161, 8191, 8581, 8737, 9241, 9283,
9521, 10711, 12241, 12377, 13729, 14281, 14561, 15913, 16381, 16831,
17137, 17681, 18481, 19891, 20021, 20593, 22441, 23563, 25741, 26209,
27847, 29173, 29921, 30941, 34273, 36037, 42841, 43759, 46411, 48049,
51481, 52361, 53857, 55441, 63649, 65521, 72931, 74257, 78541, 87517,
92821, 96097, 97241, 102103, 110881, 116689, 117811, 120121, 131041,
145861, 148513, 157081, 180181, 185641, 209441, 235621, 269281, 291721,
314161, 371281, 388961, 445537, 471241, 612613, 680681, 700129, 816817,
1633633, 4084081, 8168161]

165: [19, 23, 29, 31, 37, 41, 43, 53, 61, 67, 71, 73, 79, 89, 97, 103, 113,
127, 131, 157, 181, 199, 211, 239, 241, 281, 307, 313, 331, 337, 353,
397, 409, 421, 443, 463, 521, 547, 613, 617, 631, 661, 673, 859, 881,
911, 937, 953, 991, 1009, 1021, 1093, 1123, 1171, 1249, 1327, 1361,
1429, 1531, 1871, 1873, 2003, 2017, 2081, 2143, 2311, 2341, 2381, 2521,
2731, 2857, 2861, 3061, 3121, 3169, 3361, 3433, 3571, 3697, 4421, 5237,
5281, 6007, 6121, 6553, 6733, 7393, 7481, 8009, 8161, 8191, 8581, 8737,
9241, 9283, 9521, 10711, 12241, 12377, 13729, 14281, 14561, 15913,
16381, 17137, 17681, 18481, 19891, 20021, 20593, 21841, 22441, 23563,
24481, 25741, 26209, 27847, 29173, 29921, 30941, 34273, 36037, 42841,
43759, 46411, 48049, 51481, 52361, 53857, 55441, 65521, 72073, 72931,
74257, 78541, 79561, 87517, 92821, 96097, 102103, 110881, 116689,
117811, 120121, 131041, 145861, 148513, 157081, 180181, 185641, 209441,
235621, 269281, 291721, 314161, 371281, 388961, 471241, 612613, 680681,
700129, 816817, 1633633, 4084081, 8168161]

166: [19, 23, 29, 37, 41, 43, 53, 61, 67, 71, 73, 79, 89, 97, 103, 113, 127,
131, 137, 157, 181, 199, 211, 239, 241, 281, 307, 313, 331, 337, 353,
397, 409, 421, 443, 463, 521, 547, 613, 617, 631, 661, 673, 859, 881,
911, 937, 953, 991, 1009, 1021, 1093, 1123, 1171, 1249, 1321, 1327,
1429, 1531, 1871, 1873, 2003, 2017, 2081, 2143, 2311, 2341, 2381, 2521,
2731, 2857, 2861, 3061, 3121, 3169, 3361, 3433, 3571, 3697, 4421, 4621,
5237, 5281, 6007, 6121, 6553, 6733, 7393, 7481, 8009, 8161, 8191, 8581,
8737, 9241, 9283, 9521, 10711, 12241, 12377, 13729, 14281, 14561, 15913,
16381, 16831, 17681, 18481, 19891, 20593, 21841, 22441, 23563, 24481,
25741, 26209, 27847, 29173, 29921, 30941, 34273, 36037, 42841, 43759,
46411, 48049, 51481, 52361, 53857, 55441, 63649, 65521, 72073, 72931,
74257, 78541, 79561, 87517, 92821, 96097, 97241, 102103, 110881, 116689,
117811, 120121, 131041, 145861, 148513, 157081, 180181, 185641, 209441,
235621, 291721, 314161, 371281, 388961, 445537, 471241, 612613, 680681,
700129, 816817, 4084081, 8168161]

167: [19, 23, 29, 31, 37, 41, 43, 53, 61, 71, 73, 79, 89, 97, 103, 113, 127,
131, 137, 157, 181, 211, 239, 241, 281, 307, 313, 331, 337, 353, 397,
409, 421, 443, 463, 521, 547, 613, 617, 631, 661, 673, 859, 881, 911,
937, 953, 991, 1009, 1021, 1093, 1123, 1171, 1249, 1321, 1327, 1361,
1429, 1531, 1871, 1873, 2003, 2017, 2081, 2143, 2311, 2341, 2381, 2521,
2731, 2857, 2861, 3061, 3121, 3169, 3361, 3433, 3571, 3697, 4421, 4621,
5237, 5281, 6007, 6121, 6553, 6733, 7393, 7481, 8009, 8161, 8191, 8581,
8737, 9241, 9283, 9521, 10711, 12241, 12377, 13729, 14281, 14561, 15913,
16381, 16831, 17137, 17681, 18481, 19891, 20021, 20593, 21841, 22441,
23563, 24481, 25741, 26209, 27847, 29173, 29921, 30941, 34273, 36037,
42841, 46411, 48049, 51481, 52361, 53857, 55441, 63649, 72073, 72931,
74257, 78541, 79561, 87517, 92821, 96097, 97241, 102103, 110881, 116689,
117811, 120121, 131041, 145861, 148513, 157081, 180181, 185641, 209441,
235621, 269281, 291721, 314161, 371281, 388961, 445537, 471241, 612613,
680681, 700129, 816817, 4084081, 8168161]

177: [23, 29, 31, 41, 43, 53, 61, 67, 71, 79, 89, 97, 103, 113, 131, 137,
157, 191, 229, 239, 241, 281, 313, 337, 353, 409, 419, 421, 443, 457,
463, 521, 547, 571, 617, 647, 661, 673, 761, 859, 911, 953, 1021, 1093,
1123, 1249, 1321, 1327, 1361, 1429, 1483, 1597, 1871, 2003, 2081, 2129,
2281, 2311, 2381, 2731, 2857, 2861, 2927, 3041, 3121, 3361, 3433, 3571,
3697, 4421, 4523, 4561, 4621, 5237, 5281, 6007, 6271, 6689, 6917, 7393,
7411, 7481, 7753, 8009, 8161, 8581, 8737, 8779, 9241, 9283, 9521, 10337,
12377, 12541, 13567, 13729, 14281, 14561, 14821, 17291, 17681, 18089,
18481, 19381, 20021, 20749, 21319, 21737, 21841, 22441, 29173, 29641,
29921, 30941, 35531, 38039, 39521, 43891, 46411, 46817, 51871, 52361,
58787, 63841, 72353, 72931, 74257, 77521, 78541, 92821, 96097, 97241,
102103, 106591, 108529, 116689, 117041, 134369, 135661, 140449, 145861,
148513, 157081, 163021, 185641, 207481, 209441, 213181, 217057, 217361,
251941, 291721, 314161, 351121, 371281, 388961, 456457, 461891, 554269,
568481, 608609, 652081, 680681, 816817, 1108537, 1492261, 1633633,
1939939, 2217073, 2282281, 2351441, 2771341, 2984521, 3233231, 3979361,
4084081, 8168161]

178: [23, 29, 31, 41, 43, 53, 61, 67, 71, 79, 89, 97, 103, 137, 157, 191,
211, 229, 239, 241, 281, 313, 331, 337, 353, 409, 419, 421, 443, 457,
463, 521, 547, 571, 617, 647, 661, 673, 761, 859, 881, 953, 1021, 1093,
1123, 1249, 1321, 1327, 1361, 1429, 1483, 1597, 1871, 2003, 2081, 2129,
2281, 2311, 2381, 2731, 2857, 2861, 2927, 3041, 3121, 3361, 3433, 3571,
3697, 3877, 4421, 4523, 4561, 4621, 5237, 5281, 6007, 6271, 6689, 6917,
7393, 7481, 7753, 8009, 8161, 8581, 8737, 8779, 9241, 9283, 9521, 10337,
12377, 12541, 13567, 13729, 14281, 14561, 14821, 17291, 17681, 18089,
18481, 19381, 20021, 20749, 21319, 21737, 21841, 22441, 25841, 29173,
29641, 29921, 30941, 35531, 38039, 39521, 43891, 46817, 48049, 51871,
52361, 58787, 59281, 63841, 72353, 72931, 74257, 78541, 92821, 96097,
97241, 102103, 106591, 108529, 116689, 117041, 120121, 134369, 135661,
140449, 145861, 148513, 157081, 163021, 185641, 207481, 209441, 213181,
217057, 217361, 251941, 291721, 314161, 351121, 371281, 388961, 456457,
461891, 554269, 568481, 608609, 652081, 680681, 816817, 1108537,
1492261, 1633633, 1939939, 2217073, 2282281, 2771341, 2984521, 3233231,
3979361, 4084081, 8168161]

179: [23, 29, 31, 41, 43, 53, 61, 67, 79, 89, 97, 103, 113, 131, 137, 157,
191, 229, 239, 241, 281, 313, 331, 337, 353, 409, 419, 421, 443, 457,
463, 521, 547, 571, 617, 647, 661, 673, 761, 859, 881, 911, 1021, 1093,
1123, 1249, 1321, 1327, 1361, 1429, 1483, 1597, 1871, 2003, 2081, 2281,
2311, 2381, 2731, 2857, 2861, 2927, 3041, 3121, 3361, 3433, 3571, 3697,
3877, 4421, 4523, 4561, 4621, 5237, 5281, 6007, 6271, 6689, 6917, 7393,
7411, 7481, 7753, 8009, 8161, 8581, 8737, 8779, 9241, 9283, 9521, 10337,
12377, 12541, 13567, 14281, 14561, 14821, 17291, 17681, 18089, 18481,
19381, 20021, 20749, 21319, 21737, 21841, 22441, 25841, 29173, 29641,
29921, 30941, 35531, 38039, 43891, 46411, 46817, 48049, 51871, 52361,
58787, 59281, 63841, 72353, 72931, 74257, 77521, 78541, 92821, 96097,
97241, 102103, 106591, 108529, 116689, 117041, 120121, 134369, 135661,
140449, 145861, 148513, 157081, 163021, 185641, 207481, 209441, 213181,
217057, 217361, 251941, 291721, 314161, 351121, 371281, 388961, 456457,
461891, 554269, 568481, 608609, 652081, 680681, 816817, 1108537,
1492261, 1633633, 1939939, 2217073, 2282281, 2351441, 2771341, 2984521,
3233231, 3979361, 4084081, 8168161]

187: [19, 23, 29, 31, 37, 41, 43, 53, 67, 71, 73, 79, 89, 97, 103, 113, 127,
131, 137, 157, 181, 193, 199, 211, 239, 241, 281, 307, 313, 331, 337,
353, 397, 409, 421, 443, 449, 463, 521, 547, 577, 613, 617, 631, 661,
673, 859, 881, 911, 937, 953, 991, 1009, 1021, 1093, 1123, 1171, 1249,
1321, 1361, 1429, 1871, 1873, 2003, 2017, 2081, 2113, 2143, 2311, 2341,
2381, 2521, 2731, 2861, 3061, 3121, 3169, 3361, 3433, 3571, 3697, 4421,
4621, 5237, 5281, 5441, 6007, 6121, 6337, 6553, 6733, 7393, 7481, 7489,
8161, 8191, 8581, 8737, 9283, 9521, 10711, 11969, 12241, 12377, 13729,
14281, 14561, 15913, 16381, 16831, 17137, 17681, 18481, 19891, 20021,
20161, 20593, 21841, 22441, 24481, 25741, 26209, 27457, 27847, 29173,
29921, 30941, 34273, 36037, 37441, 42841, 43759, 46411, 48049, 52361,
53857, 55441, 63649, 65521, 72073, 72931, 74257, 78541, 79561, 83777,
87517, 92821, 96097, 97241, 102103, 107713, 110881, 116689, 117811,
120121, 127297, 131041, 145861, 148513, 157081, 180181, 185641, 192193,
209441, 212161, 235621, 269281, 291721, 314161, 371281, 388961, 411841,
445537, 471241, 495041, 538561, 576577, 612613, 680681, 700129, 816817,
960961, 1633633, 4084081, 4455361, 8168161, 9801793]

188: [19, 23, 29, 31, 37, 41, 43, 53, 61, 67, 71, 73, 79, 89, 97, 103, 113,
127, 131, 137, 157, 181, 193, 199, 211, 239, 241, 281, 307, 313, 331,
337, 353, 397, 409, 421, 443, 449, 463, 521, 547, 577, 613, 617, 631,
661, 673, 859, 881, 911, 937, 953, 991, 1009, 1021, 1093, 1123, 1171,
1249, 1321, 1327, 1361, 1429, 1531, 1873, 2003, 2017, 2081, 2113, 2311,
2341, 2381, 2521, 2857, 2861, 3061, 3121, 3169, 3361, 3433, 3571, 3697,
4421, 4621, 5237, 5281, 5441, 6007, 6121, 6337, 6733, 7393, 7481, 7489,
8009, 8161, 8191, 8581, 8737, 9241, 9283, 9521, 10711, 11969, 12241,
12377, 13729, 14281, 14561, 15913, 16381, 16831, 17137, 17681, 18481,
19891, 20021, 20593, 21841, 22441, 23563, 24481, 25741, 26209, 27457,
27847, 29173, 29921, 30941, 34273, 36037, 37441, 42433, 42841, 43759,
46411, 48049, 51481, 52361, 53857, 55441, 63649, 65521, 72073, 72931,
74257, 78541, 83777, 87517, 92821, 96097, 97241, 102103, 107713, 110881,
116689, 117811, 120121, 127297, 131041, 145861, 148513, 157081, 180181,
185641, 192193, 209441, 212161, 235621, 269281, 314161, 371281, 388961,
411841, 445537, 495041, 538561, 576577, 612613, 680681, 700129, 816817,
960961, 1633633, 4084081, 4455361, 8168161, 9801793]

189: [23, 29, 31, 37, 41, 43, 53, 61, 71, 73, 79, 89, 103, 127, 131, 137,
157, 181, 191, 199, 211, 229, 239, 281, 307, 313, 331, 397, 409, 419,
421, 443, 457, 463, 521, 547, 571, 613, 617, 631, 647, 661, 761, 859,
911, 937, 953, 991, 1021, 1093, 1123, 1171, 1327, 1429, 1483, 1531,
1597, 1871, 2003, 2143, 2281, 2311, 2341, 2381, 2521, 2731, 2857, 2861,
2927, 3061, 3433, 3571, 3877, 4421, 4447, 4523, 4621, 4789, 5237, 6007,
6121, 6271, 6553, 6733, 6841, 6917, 7411, 7481, 7753, 8009, 8191, 8581,
8779, 8893, 9241, 9283, 10711, 11971, 12377, 12541, 13567, 14281, 14821,
15913, 16381, 16831, 17291, 18089, 19381, 19891, 20021, 20749, 21319,
21737, 22441, 23563, 25741, 27847, 29173, 29641, 30941, 31123, 35531,
36037, 38039, 42841, 43759, 43891, 46411, 47881, 48907, 51481, 51871,
52361, 58787, 72073, 72931, 75583, 78541, 79561, 87517, 92821, 97241,
102103, 105337, 106591, 117811, 120121, 124489, 131671, 135661, 145861,
157081, 163021, 180181, 185641, 207481, 213181, 235621, 251941, 291721,
302329, 342343, 377911, 406981, 456457, 461891, 489061, 526681, 554269,
612613, 680681, 813961, 895357, 1058149, 1108537, 1279081, 1369369,
1492261, 1790713, 1939939, 2238391, 2282281, 2645371, 2771341, 3233231,
4157011, 4476781, 6846841]

190: [19, 23, 29, 31, 37, 41, 43, 53, 61, 67, 71, 73, 79, 89, 97, 103, 113,
127, 131, 137, 157, 181, 193, 199, 211, 239, 241, 281, 307, 313, 331,
337, 353, 397, 409, 421, 443, 449, 463, 521, 547, 577, 617, 631, 661,
673, 859, 881, 911, 937, 953, 991, 1009, 1021, 1093, 1123, 1171, 1249,
1321, 1327, 1361, 1429, 1531, 1871, 1873, 2017, 2081, 2113, 2143, 2311,
2341, 2381, 2521, 2731, 2857, 2861, 3061, 3121, 3169, 3361, 3433, 3571,
3697, 4421, 4621, 5237, 5281, 5441, 6007, 6121, 6337, 6553, 6733, 7393,
7481, 7489, 8009, 8161, 8191, 8581, 8737, 9241, 9283, 9521, 10711,
11969, 12241, 12377, 13729, 14281, 14561, 15913, 16381, 16831, 17137,
17681, 18481, 19891, 20021, 20161, 20593, 21841, 22441, 23563, 24481,
25741, 26209, 27457, 27847, 29173, 29921, 30941, 34273, 36037, 37441,
42433, 42841, 46411, 48049, 51481, 52361, 53857, 55441, 63649, 65521,
72073, 72931, 74257, 78541, 83777, 87517, 92821, 96097, 97241, 102103,
107713, 110881, 120121, 127297, 131041, 145861, 148513, 157081, 180181,
185641, 192193, 209441, 212161, 235621, 269281, 291721, 314161, 371281,
388961, 411841, 445537, 471241, 495041, 538561, 576577, 612613, 680681,
700129, 816817, 960961, 1633633, 4084081, 4455361, 8168161, 9801793]

191: [19, 23, 29, 31, 37, 41, 43, 53, 61, 67, 71, 73, 79, 89, 97, 103, 113,
127, 131, 137, 157, 181, 193, 199, 211, 239, 241, 281, 307, 313, 331,
337, 353, 397, 409, 421, 443, 449, 463, 521, 547, 577, 613, 617, 631,
661, 673, 881, 911, 937, 953, 991, 1009, 1021, 1093, 1123, 1171, 1249,
1321, 1327, 1361, 1429, 1531, 1871, 1873, 2003, 2081, 2113, 2143, 2311,
2341, 2381, 2521, 2731, 2857, 2861, 3061, 3121, 3169, 3361, 3433, 3571,
3697, 4421, 4621, 5237, 5281, 5441, 6007, 6121, 6337, 6553, 6733, 7393,
7489, 8009, 8161, 8191, 8581, 8737, 9241, 9283, 9521, 10711, 11969,
12241, 12377, 13729, 14281, 14561, 16381, 16831, 17137, 17681, 18481,
19891, 20021, 20161, 20593, 21841, 22441, 23563, 24481, 25741, 26209,
27457, 27847, 29173, 29921, 30941, 34273, 36037, 37441, 42433, 42841,
43759, 46411, 48049, 51481, 52361, 53857, 55441, 63649, 65521, 72073,
72931, 74257, 78541, 79561, 83777, 87517, 92821, 96097, 97241, 102103,
107713, 110881, 116689, 117811, 120121, 127297, 131041, 145861, 148513,
157081, 180181, 185641, 192193, 209441, 212161, 235621, 269281, 291721,
371281, 388961, 411841, 445537, 471241, 495041, 538561, 576577, 612613,
680681, 700129, 816817, 960961, 1633633, 4084081, 4455361, 8168161,
9801793]

208: [29, 31, 41, 43, 47, 53, 61, 67, 71, 79, 103, 131, 137, 139, 157, 191,
211, 277, 281, 313, 331, 409, 419, 421, 443, 457, 461, 463, 521, 547,
571, 599, 617, 647, 661, 691, 761, 859, 911, 953, 1013, 1021, 1093,
1123, 1289, 1321, 1327, 1381, 1429, 1483, 1597, 1871, 1933, 2003, 2281,
2311, 2347, 2381, 2393, 2531, 2731, 2857, 2861, 3037, 3221, 3433, 3571,
3877, 3911, 4421, 4523, 4621, 4831, 5237, 5981, 6007, 6271, 6917, 7177,
7411, 7481, 7591, 7753, 8009, 8581, 8741, 8779, 8971, 9241, 9283, 9661,
10627, 10949, 11731, 12377, 12541, 13567, 14281, 14821, 15641, 18089,
19381, 20021, 20333, 20749, 21319, 21737, 22441, 24473, 25117, 28843,
29173, 29641, 29717, 30941, 35531, 36709, 38039, 46411, 51613, 51871,
52361, 58787, 62791, 70841, 72931, 73417, 78541, 91771, 92821, 97241,
102103, 106261, 106591, 109481, 111827, 113621, 120121, 121993, 131561,
134597, 135661, 138139, 145861, 157081, 163021, 185641, 197341, 203321,
207481, 213181, 251941, 258061, 276277, 297161, 304981, 318137, 336491,
355811, 426973, 445741, 456457, 461891, 520031, 552553, 554269, 602141,
624037, 680681, 749893, 782783, 891481, 903211, 920921, 954409, 1108537,
1118261, 1193011, 1381381, 1492261, 1749749, 1806421, 1939939, 1961257,
2080121, 2134861, 2282281, 2348347, 2499641, 2704157, 2762761, 2771341,
2897311, 2984521, 3233231, 3354781, 3749461, 4037881, 4269721, 6709561,
8112469, 9806281, 10498489, 13123111, 17160991, 17497481, 40562341,
52492441]

211: [29, 31, 41, 43, 53, 61, 67, 71, 79, 89, 131, 137, 139, 157, 211, 229,
239, 277, 281, 313, 331, 409, 419, 421, 443, 457, 461, 463, 521, 547,
571, 599, 617, 647, 661, 691, 761, 859, 911, 953, 967, 1013, 1021, 1093,
1289, 1321, 1327, 1381, 1429, 1483, 1597, 1871, 1933, 2003, 2281, 2311,
2347, 2381, 2393, 2531, 2731, 2857, 2861, 2927, 3037, 3221, 3433, 3877,
3911, 4421, 4523, 4621, 4831, 5237, 5981, 6007, 6073, 6271, 6917, 7177,
7411, 7481, 7591, 7753, 8009, 8581, 8741, 8779, 8971, 9241, 9283, 9661,
10627, 10949, 11731, 12377, 12541, 13567, 14281, 14821, 15641, 17291,
18089, 19381, 20021, 20333, 20749, 21319, 21737, 22441, 24473, 25117,
28843, 29173, 29641, 29717, 30941, 35531, 36709, 38039, 43891, 46411,
51613, 51871, 52361, 58787, 62791, 70841, 72931, 73417, 78541, 91771,
92821, 97241, 102103, 106261, 106591, 109481, 111827, 113621, 120121,
121993, 131561, 134597, 135661, 138139, 157081, 163021, 185641, 197341,
203321, 207481, 213181, 251941, 258061, 276277, 291721, 297161, 304981,
318137, 336491, 355811, 426973, 445741, 456457, 461891, 520031, 552553,
554269, 602141, 624037, 680681, 749893, 782783, 891481, 903211, 920921,
954409, 1108537, 1118261, 1193011, 1381381, 1492261, 1749749, 1806421,
1939939, 1961257, 2080121, 2134861, 2282281, 2348347, 2499641, 2704157,
2762761, 2771341, 2897311, 2984521, 3233231, 3354781, 3749461, 4037881,
4269721, 6709561, 8112469, 9806281, 10498489, 13123111, 17160991,
17497481, 40562341, 52492441]

212: [29, 31, 41, 43, 47, 53, 61, 67, 71, 79, 89, 103, 131, 137, 139, 157,
191, 211, 229, 239, 277, 281, 313, 331, 409, 419, 421, 443, 457, 461,
463, 521, 547, 571, 599, 617, 647, 661, 691, 761, 911, 953, 967, 1013,
1021, 1093, 1123, 1289, 1321, 1327, 1381, 1429, 1483, 1597, 1871, 1933,
2003, 2281, 2311, 2347, 2381, 2393, 2531, 2731, 2857, 2861, 2927, 3037,
3221, 3433, 3571, 3877, 3911, 4523, 4621, 5237, 5981, 6007, 6073, 6271,
6917, 7177, 7411, 7481, 7591, 7753, 8009, 8581, 8741, 8779, 8971, 9241,
9283, 10627, 10949, 11731, 12377, 12541, 13567, 14281, 14821, 15641,
17291, 18089, 19381, 20021, 20333, 20749, 21319, 21737, 22441, 24473,
25117, 28843, 29173, 29641, 29717, 30941, 35531, 36709, 38039, 43891,
46411, 51613, 51871, 52361, 58787, 62791, 70841, 72931, 73417, 78541,
91771, 92821, 97241, 102103, 106261, 106591, 109481, 111827, 113621,
120121, 121993, 131561, 134597, 135661, 138139, 145861, 157081, 163021,
185641, 197341, 203321, 207481, 213181, 251941, 258061, 276277, 291721,
297161, 304981, 318137, 336491, 355811, 426973, 445741, 456457, 461891,
520031, 552553, 554269, 602141, 624037, 680681, 749893, 782783, 891481,
903211, 920921, 954409, 1108537, 1118261, 1193011, 1381381, 1492261,
1749749, 1806421, 1939939, 1961257, 2134861, 2282281, 2348347, 2499641,
2624623, 2704157, 2762761, 2771341, 2897311, 2984521, 3233231, 3354781,
3749461, 4269721, 6709561, 8112469, 9806281, 10498489, 13123111,
17160991, 17497481, 40562341, 52492441]

221: [19, 23, 29, 31, 37, 41, 43, 53, 61, 71, 73, 79, 89, 101, 103, 109, 127,
131, 137, 151, 157, 181, 199, 211, 239, 271, 281, 307, 313, 331, 379,
397, 421, 443, 463, 521, 541, 547, 601, 613, 617, 631, 661, 701, 757,
859, 911, 919, 937, 953, 991, 1021, 1051, 1093, 1123, 1171, 1301, 1321,
1327, 1429, 1531, 1801, 1871, 1951, 2003, 2143, 2311, 2341, 2377, 2381,
2521, 2551, 2731, 2861, 3061, 3301, 3433, 3511, 3673, 3851, 4159, 4201,
4421, 4591, 4621, 4951, 5101, 5237, 5851, 6007, 6121, 6301, 6427, 6553,
6733, 7151, 7481, 7561, 7723, 8009, 8191, 8317, 8581, 9181, 9241, 9283,
9829, 9901, 10099, 10711, 11551, 11701, 12377, 12601, 12853, 14281,
14851, 15401, 15913, 16381, 16633, 16831, 17551, 17851, 18701, 19801,
19891, 20021, 22441, 23563, 23801, 23869, 24571, 25741, 27847, 28051,
29173, 30941, 33151, 34651, 36037, 38611, 42841, 42901, 43759, 44201,
46411, 50051, 51481, 52361, 53551, 54601, 56101, 59671, 66301, 70201,
70687, 72073, 72931, 77351, 78541, 79561, 81901, 87517, 91801, 92821,
97241, 100981, 102103, 103951, 107101, 108109, 117811, 120121, 128521,
145861, 150151, 157081, 160651, 167077, 180181, 185641, 193051, 198901,
200201, 201961, 216217, 232051, 235621, 238681, 243101, 257401, 270271,
291721, 300301, 321301, 415801, 417691, 450451, 471241, 504901, 540541,
600601, 612613, 656371, 680681, 729301, 1093951, 1178101, 1458601,
1670761, 1837837, 2088451, 2187901, 2625481, 2702701, 5105101, 7068601,
8353801, 9189181, 22972951]

226: [19, 23, 29, 31, 37, 41, 43, 53, 61, 67, 71, 73, 79, 89, 101, 103, 127,
131, 137, 151, 157, 181, 197, 199, 211, 239, 281, 307, 313, 331, 397,
409, 421, 443, 463, 491, 521, 547, 601, 613, 617, 631, 661, 701, 859,
883, 911, 937, 953, 991, 1021, 1051, 1093, 1123, 1171, 1301, 1321, 1327,
1429, 1471, 1667, 1801, 1871, 1951, 2003, 2143, 2311, 2341, 2381, 2521,
2549, 2551, 2731, 2857, 2861, 3061, 3301, 3433, 3571, 3823, 4201, 4421,
4621, 4951, 4999, 5101, 5237, 5851, 5881, 6007, 6121, 6301, 6469, 6553,
6733, 7151, 7351, 7481, 8009, 8191, 8581, 8821, 9241, 9283, 9901, 10711,
10781, 11467, 11551, 11701, 12377, 12601, 15289, 15401, 15913, 16381,
16661, 16831, 17851, 18701, 19801, 19993, 20021, 22051, 22441, 23563,
23801, 25741, 26951, 27847, 28051, 29173, 29401, 29989, 30941, 32341,
33151, 34651, 36037, 36653, 41651, 42043, 42841, 42901, 43759, 44101,
44201, 46411, 50051, 51481, 53551, 54601, 54979, 56101, 57331, 66301,
72073, 76441, 77351, 78541, 79561, 81901, 87517, 91631, 92821, 97021,
97241, 99961, 102103, 107101, 114661, 117811, 120121, 124951, 126127,
150151, 157081, 166601, 180181, 185641, 198901, 200201, 229321, 232051,
235621, 242551, 243101, 252253, 257401, 286651, 291721, 299881, 300301,
324871, 350351, 420421, 450451, 471241, 476477, 485101, 499801, 600601,
612613, 680681, 729301, 749701, 824671, 840841, 970201, 1093951,
1178101, 1191191, 1261261, 1458601, 1624351, 1649341, 2144143, 2187901,
3248701, 3298681, 4873051, 5105101, 8576569, 10720711, 21441421,
42882841]

227: [19, 23, 29, 31, 37, 41, 43, 53, 61, 67, 71, 73, 79, 89, 101, 103, 127,
131, 137, 151, 157, 181, 197, 199, 211, 239, 281, 307, 313, 331, 397,
409, 421, 443, 463, 491, 521, 601, 613, 617, 631, 661, 701, 859, 883,
911, 937, 953, 991, 1093, 1171, 1301, 1321, 1327, 1429, 1471, 1531,
1667, 1801, 1871, 1951, 2003, 2143, 2311, 2381, 2521, 2549, 2551, 2731,
2857, 2861, 3061, 3301, 3433, 3529, 3571, 3823, 3851, 4201, 4421, 4621,
4951, 5101, 5237, 5851, 5881, 6007, 6121, 6301, 6469, 6553, 6733, 7151,
7351, 7481, 8009, 8191, 8581, 8821, 9241, 9283, 9901, 10711, 10781,
11467, 11551, 11701, 12377, 12601, 14281, 15289, 15401, 15913, 16381,
16661, 16831, 17851, 18701, 19801, 19891, 19993, 20021, 22051, 22441,
23563, 23801, 25741, 26951, 27847, 28051, 29173, 29989, 30941, 32341,
33151, 36037, 36653, 41651, 42043, 42841, 43759, 44101, 44201, 46411,
50051, 51481, 52361, 53551, 54601, 54979, 56101, 57331, 66301, 72073,
72931, 76441, 77351, 78541, 79561, 87517, 91631, 92821, 97021, 97241,
99961, 102103, 107101, 114661, 117811, 120121, 124951, 126127, 145861,
150151, 157081, 166601, 180181, 185641, 198901, 200201, 229321, 232051,
235621, 242551, 243101, 252253, 257401, 286651, 291721, 299881, 300301,
324871, 350351, 366521, 420421, 450451, 471241, 476477, 485101, 499801,
600601, 612613, 680681, 729301, 749701, 824671, 840841, 970201, 1051051,
1093951, 1178101, 1191191, 1261261, 1401401, 1458601, 1624351, 1649341,
2144143, 2187901, 3248701, 3298681, 4873051, 5105101, 8576569, 10720711,
21441421, 42882841]

232: [19, 23, 29, 31, 37, 41, 43, 53, 61, 67, 71, 73, 79, 89, 97, 103, 109,
113, 127, 131, 137, 157, 199, 211, 239, 241, 271, 281, 307, 313, 331,
337, 353, 379, 397, 409, 421, 433, 443, 463, 521, 541, 547, 613, 617,
631, 661, 673, 757, 859, 881, 911, 919, 937, 953, 991, 1009, 1021, 1093,
1123, 1171, 1249, 1321, 1327, 1361, 1429, 1531, 1871, 1873, 2003, 2017,
2081, 2143, 2161, 2311, 2341, 2377, 2381, 2731, 2857, 2861, 2971, 3061,
3121, 3169, 3361, 3433, 3511, 3673, 3697, 4159, 4421, 4591, 4621, 5237,
5281, 6007, 6121, 6427, 6553, 6733, 7481, 7561, 7723, 8009, 8161, 8191,
8317, 8581, 8737, 9181, 9241, 9283, 9521, 9829, 10099, 10711, 12241,
12377, 12853, 13729, 14281, 14561, 15121, 16381, 16633, 16831, 17137,
17681, 18481, 19891, 20021, 20593, 21841, 22441, 23563, 23761, 23869,
24481, 24571, 25741, 26209, 27847, 28081, 29173, 29921, 30241, 30941,
34273, 36037, 36721, 38611, 39313, 42841, 43759, 46411, 47521, 47737,
48049, 51481, 52361, 53857, 55441, 59671, 63649, 65521, 66529, 72073,
72931, 74257, 78541, 79561, 87517, 92821, 96097, 97241, 100981, 102103,
108109, 110881, 116689, 117811, 120121, 123553, 128521, 131041, 145861,
148513, 157081, 161569, 167077, 180181, 185641, 196561, 201961, 209441,
216217, 235621, 238681, 269281, 270271, 291721, 314161, 332641, 371281,
388961, 393121, 417691, 432433, 445537, 471241, 477361, 514081, 540541,
565489, 612613, 617761, 656371, 680681, 700129, 816817, 1633633,
1670761, 1837837, 2625481, 4084081, 4324321, 5250961, 5654881, 8168161,
9189181, 10501921]
