151: [19, 23, 29, 31, 37, 41, 43, 61, 67, 71, 73, 79, 89, 103, 109, 127,
131, 137, 157, 181, 199, 211, 239, 271, 281, 307, 313, 331, 379, 397,
421, 443, 463, 521, 547, 613, 617, 631, 661, 757, 859, 911, 919, 953,
991, 1021, 1093, 1123, 1171, 1321, 1327, 1429, 1531, 1871, 2003, 2143,
2311, 2341, 2377, 2381, 2521, 2731, 2857, 2861, 2971, 3433, 3511, 3571,
3673, 4159, 4421, 4591, 4621, 5237, 6007, 6427, 6553, 6733, 7481, 7561,
7723, 8009, 8191, 8317, 8581, 9181, 9241, 9283, 9829, 10099, 10711,
12377, 12853, 14281, 15913, 16381, 16633, 16831, 19891, 20021, 22441,
23563, 23869, 24571, 25741, 27847, 30941, 36037, 38611, 42841, 43759,
46411, 47737, 51481, 52361, 59671, 70687, 72073, 72931, 78541, 79561,
87517, 92821, 97241, 100981, 102103, 108109, 117811, 120121, 128521,
145861, 157081, 167077, 180181, 185641, 201961, 216217, 235621, 238681,
270271, 291721, 417691, 471241, 540541, 612613, 656371, 680681, 1670761,
1837837, 2625481, 9189181]

152: [19, 23, 29, 31, 37, 41, 43, 53, 61, 67, 71, 73, 79, 89, 103, 109, 127,
131, 137, 157, 181, 211, 239, 271, 281, 307, 313, 331, 379, 397, 409,
421, 443, 463, 521, 541, 547, 613, 617, 631, 661, 757, 859, 911, 919,
937, 953, 991, 1021, 1093, 1123, 1171, 1321, 1327, 1429, 1531, 1871,
2003, 2143, 2341, 2377, 2521, 2731, 2857, 2861, 2971, 3061, 3433, 3511,
3571, 3673, 4159, 4421, 4591, 4621, 5237, 6007, 6121, 6427, 6553, 6733,
7481, 7561, 7723, 8009, 8191, 8317, 8581, 9241, 9283, 9829, 10099,
10711, 12377, 12853, 14281, 15913, 16381, 16633, 16831, 19891, 20021,
22441, 23563, 23869, 24571, 25741, 27847, 29173, 30941, 36037, 38611,
42841, 43759, 46411, 47737, 51481, 52361, 59671, 70687, 72073, 72931,
79561, 87517, 92821, 97241, 100981, 102103, 108109, 117811, 120121,
128521, 145861, 157081, 167077, 180181, 185641, 201961, 216217, 235621,
238681, 270271, 291721, 417691, 471241, 540541, 656371, 680681, 1670761,
1837837, 2625481, 9189181]

153: [19, 23, 29, 31, 37, 41, 43, 53, 61, 67, 71, 73, 79, 89, 103, 109, 127,
137, 157, 181, 199, 211, 239, 271, 281, 307, 313, 331, 379, 397, 409,
421, 443, 463, 521, 541, 547, 613, 617, 631, 661, 757, 859, 911, 919,
937, 953, 991, 1021, 1093, 1123, 1171, 1321, 1327, 1429, 1531, 1871,
2003, 2143, 2341, 2377, 2381, 2521, 2731, 2857, 2861, 2971, 3061, 3433,
3511, 3571, 3673, 4159, 4421, 4591, 4621, 5237, 6007, 6121, 6427, 6553,
6733, 7481, 7561, 7723, 8009, 8191, 8317, 8581, 9181, 9241, 9283, 9829,
10099, 10711, 12377, 12853, 14281, 15913, 16381, 16633, 16831, 19891,
20021, 22441, 23563, 23869, 24571, 25741, 27847, 29173, 30941, 36037,
38611, 42841, 43759, 46411, 47737, 51481, 59671, 70687, 72073, 72931,
78541, 79561, 87517, 92821, 97241, 100981, 102103, 108109, 117811,
120121, 128521, 145861, 157081, 180181, 185641, 201961, 216217, 235621,
238681, 270271, 291721, 417691, 471241, 540541, 612613, 656371, 1670761,
1837837, 2625481, 9189181]

158: [19, 23, 29, 31, 37, 43, 53, 61, 67, 79, 101, 103, 131, 151, 157, 181,
197, 199, 211, 239, 307, 331, 397, 421, 443, 491, 547, 613, 631, 661,
701, 859, 883, 911, 991, 1021, 1123, 1171, 1301, 1327, 1429, 1471, 1531,
1667, 1871, 1951, 2003, 2143, 2311, 2341, 2381, 2549, 2551, 2731, 2861,
3301, 3571, 3823, 3851, 4421, 4621, 4951, 4999, 5101, 5237, 5851, 6007,
6301, 6469, 6733, 7151, 7351, 8191, 8581, 8821, 9901, 10711, 10781,
11467, 11551, 11701, 16381, 16661, 16831, 17851, 18701, 19891, 20021,
22051, 23563, 25741, 26951, 27847, 28051, 29173, 29989, 30941, 32341,
33151, 34651, 36037, 36653, 41651, 42043, 42901, 43759, 44101, 46411,
50051, 53551, 54979, 56101, 57331, 66301, 72931, 77351, 78541, 81901,
87517, 91631, 92821, 102103, 107101, 114661, 117811, 124951, 126127,
145861, 150151, 180181, 198901, 232051, 235621, 242551, 243101, 252253,
286651, 300301, 324871, 476477, 485101, 729301, 749701, 824671, 1051051,
1093951, 1178101, 1191191, 1261261, 1624351, 1649341, 2144143, 2187901,
3248701, 4873051, 5105101, 10720711, 21441421]

159: [19, 23, 29, 31, 37, 43, 53, 61, 67, 71, 79, 101, 103, 127, 131, 151,
157, 181, 197, 199, 211, 239, 307, 331, 397, 421, 443, 463, 491, 547,
613, 631, 701, 859, 883, 911, 991, 1021, 1051, 1093, 1123, 1171, 1301,
1327, 1471, 1531, 1667, 1871, 1951, 2003, 2143, 2311, 2341, 2381, 2549,
2551, 2731, 2861, 3301, 3571, 3823, 3851, 4421, 4621, 4999, 5101, 5237,
5851, 6007, 6301, 6469, 6733, 7151, 7351, 8191, 8581, 8821, 9283, 9901,
10711, 10781, 11467, 11551, 11701, 16381, 16661, 16831, 17851, 18701,
19891, 20021, 22051, 23563, 25741, 26951, 27847, 29173, 29989, 30941,
32341, 33151, 34651, 36037, 36653, 41651, 42901, 43759, 44101, 46411,
50051, 53551, 54979, 56101, 57331, 66301, 77351, 78541, 81901, 87517,
91631, 92821, 97021, 102103, 107101, 114661, 117811, 124951, 126127,
145861, 150151, 180181, 198901, 232051, 242551, 243101, 252253, 286651,
300301, 324871, 350351, 420421, 476477, 485101, 612613, 729301, 749701,
824671, 1051051, 1093951, 1178101, 1191191, 1261261, 1624351, 1649341,
2144143, 4873051, 5105101, 10720711, 21441421]

160: [19, 23, 29, 31, 37, 43, 53, 67, 71, 79, 101, 103, 127, 131, 151, 157,
181, 197, 199, 211, 239, 307, 331, 397, 421, 443, 463, 491, 547, 613,
631, 661, 701, 883, 911, 991, 1021, 1051, 1093, 1171, 1301, 1327, 1429,
1471, 1531, 1667, 1871, 1951, 2003, 2143, 2311, 2341, 2381, 2549, 2551,
2731, 2861, 3061, 3301, 3571, 3823, 3851, 4421, 4621, 4951, 4999, 5101,
5237, 5851, 6007, 6301, 6733, 7151, 7351, 8191, 8821, 9283, 9901, 10711,
10781, 11467, 11551, 11701, 16661, 16831, 17851, 18701, 19891, 20021,
22051, 25741, 26951, 27847, 28051, 29173, 29989, 30941, 32341, 33151,
34651, 36037, 36653, 41651, 42043, 42901, 43759, 44101, 46411, 50051,
53551, 54979, 56101, 57331, 66301, 72931, 77351, 78541, 81901, 87517,
91631, 92821, 97021, 102103, 107101, 114661, 117811, 124951, 126127,
145861, 150151, 180181, 198901, 232051, 235621, 242551, 243101, 252253,
286651, 300301, 324871, 350351, 420421, 450451, 476477, 485101, 612613,
729301, 749701, 824671, 1051051, 1093951, 1178101, 1191191, 1261261,
1624351, 1649341, 2187901, 3248701, 10720711, 21441421]

162: [19, 23, 29, 31, 37, 41, 43, 53, 61, 67, 71, 73, 79, 89, 97, 103, 113,
127, 131, 137, 181, 199, 211, 239, 241, 281, 307, 313, 331, 337, 353,
397, 409, 421, 443, 547, 613, 617, 631, 661, 673, 881, 911, 937, 953,
991, 1009, 1021, 1093, 1123, 1171, 1249, 1321, 1327, 1361, 1429, 1531,
1871, 1873, 2003, 2017, 2081, 2143, 2341, 2381, 2521, 2731, 2857, 3061,
3121, 3169, 3361, 3433, 3571, 3697, 4421, 4621, 5237, 5281, 6007, 6121,
6553, 6733, 7393, 7481, 8009, 8161, 8191, 8581, 8737, 9241, 9283, 9521,
10711, 12241, 12377, 13729, 14281, 14561, 15913, 16381, 16831, 17137,
17681, 18481, 19891, 20021, 20593, 21841, 22441, 23563, 24481, 25741,
26209, 27847, 29173, 29921, 30941, 34273, 36037, 42841, 43759, 46411,
48049, 51481, 52361, 53857, 55441, 63649, 65521, 72073, 72931, 74257,
78541, 79561, 87517, 92821, 96097, 97241, 102103, 110881, 116689,
117811, 131041, 145861, 148513, 157081, 180181, 209441, 235621, 269281,
291721, 314161, 371281, 388961, 445537, 612613, 680681, 816817, 1633633,
4084081, 8168161]

163: [19, 23, 29, 31, 37, 41, 43, 53, 61, 67, 71, 73, 79, 89, 97, 103, 113,
127, 131, 137, 157, 181, 199, 211, 239, 241, 281, 313, 331, 337, 353,
397, 409, 421, 443, 463, 521, 547, 613, 617, 631, 661, 673, 859, 881,
911, 937, 953, 991, 1009, 1021, 1093, 1123, 1171, 1249, 1321, 1327,
1361, 1429, 1531, 1871, 1873, 2003, 2017, 2081, 2143, 2311, 2521, 2731,
2857, 2861, 3061, 3121, 3169, 3361, 3433, 3571, 3697, 4421, 5237, 5281,
6007, 6121, 6553, 7393, 7481, 8009, 8161, 8191, 8581, 8737, 9241, 9283,
9521, 10711, 12241, 12377, 13729, 14561, 15913, 16831, 17137, 17681,
18481, 19891, 20593, 21841, 22441, 23563, 24481, 25741, 26209, 27847,
29173, 29921, 30941, 34273, 36037, 42841, 43759, 46411, 48049, 51481,
52361, 53857, 55441, 63649, 65521, 72073, 72931, 74257, 78541, 79561,
87517, 92821, 96097, 97241, 102103, 110881, 116689, 117811, 120121,
131041, 145861, 148513, 180181, 185641, 209441, 235621, 269281, 291721,
314161, 371281, 388961, 445537, 471241, 612613, 680681, 700129, 816817,
1633633, 4084081, 8168161]

164: [19, 23, 29, 31, 37, 41, 43, 53, 61, 67, 71, 73, 79, 89, 97, 103, 113,
127, 131, 137, 157, 181, 199, 211, 239, 241, 281, 307, 313, 331, 337,
353, 397, 409, 421, 443, 463, 521, 547, 613, 617, 631, 661, 673, 859,
881, 911, 937, 953, 991, 1009, 1021, 1093, 1123, 1171, 1249, 1321, 1327,
1361, 1429, 1531, 1871, 1873, 2003, 2017, 2081, 2143, 2381, 2521, 2731,
2857, 2861, 3061, 3121, 3169, 3361, 3433, 3571, 4421, 4621, 5237, 5281,
6007, 6553, 6733, 7393, 7481, 8009, 8161, 8191, 8581, 8737, 9241, 9283,
9521, 10711, 12241, 12377, 13729, 14281, 14561, 15913, 16381, 16831,
17137, 17681, 18481, 19891, 20021, 20593, 22441, 23563, 25741, 26209,
27847, 29173, 29921, 30941, 34273, 36037, 42841, 43759, 46411, 48049,
51481, 52361, 53857, 55441, 63649, 65521, 72931, 74257, 78541, 87517,
92821, 96097, 97241, 102103, 110881, 116689, 117811, 120121, 131041,
145861, 148513, 157081, 180181, 185641, 209441, 235621, 269281, 291721,
314161, 371281, 388961, 445537, 471241, 612613, 680681, 700129, 816817,
1633633, 4084081, 8168161]

165: [19, 23, 29, 31, 37, 41, 43, 53, 61, 67, 71, 73, 79, 89, 97, 103, 113,
127, 131, 157, 181, 199, 211, 239, 241, 281, 307, 313, 331, 337, 353,
397, 409, 421, 443, 463, 521, 547, 613, 617, 631, 661, 673, 859, 881,
911, 937, 953, 991, 1009, 1021, 1093, 1123, 1171, 1249, 1327, 1361,
1429, 1531, 1871, 1873, 2003, 2017, 2081, 2143, 2311, 2341, 2381, 2521,
2731, 2857, 2861, 3061, 3121, 3169, 3361, 3433, 3571, 3697, 4421, 5237,
5281, 6007, 6121, 6553, 6733, 7393, 7481, 8009, 8161, 8191, 8581, 8737,
9241, 9283, 9521, 10711, 12241, 12377, 13729, 14281, 14561, 15913,
16381, 17137, 17681, 18481, 19891, 20021, 20593, 21841, 22441, 23563,
24481, 25741, 26209, 27847, 29173, 29921, 30941, 34273, 36037, 42841,
43759, 46411, 48049, 51481, 52361, 53857, 55441, 65521, 72073, 72931,
74257, 78541, 79561, 87517, 92821, 96097, 102103, 110881, 116689,
117811, 120121, 131041, 145861, 148513, 157081, 180181, 185641, 209441,
235621, 269281, 291721, 314161, 371281, 388961, 471241, 612613, 680681,
700129, 816817, 1633633, 4084081, 8168161]

166: [19, 23, 29, 37, 41, 43, 53, 61, 67, 71, 73, 79, 89, 97, 103, 113, 127,
131, 137, 157, 181, 199, 211, 239, 241, 281, 307, 313, 331, 337, 353,
397, 409, 421, 443, 463, 521, 547, 613, 617, 631, 661, 673, 859, 881,
911, 937, 953, 991, 1009, 1021, 1093, 1123, 1171, 1249, 1321, 1327,
1429, 1531, 1871, 1873, 2003, 2017, 2081, 2143, 2311, 2341, 2381, 2521,
2731, 2857, 2861, 3061, 3121, 3169, 3361, 3433, 3571, 3697, 4421, 4621,
5237, 5281, 6007, 6121, 6553, 6733, 7393, 7481, 8009, 8161, 8191, 8581,
8737, 9241, 9283, 9521, 10711, 12241, 12377, 13729, 14281, 14561, 15913,
16381, 16831, 17681, 18481, 19891, 20593, 21841, 22441, 23563, 24481,
25741, 26209, 27847, 29173, 29921, 30941, 34273, 36037, 42841, 43759,
46411, 48049, 51481, 52361, 53857, 55441, 63649, 65521, 72073, 72931,
74257, 78541, 79561, 87517, 92821, 96097, 97241, 102103, 110881, 116689,
117811, 120121, 131041, 145861, 148513, 157081, 180181, 185641, 209441,
235621, 291721, 314161, 371281, 388961, 445537, 471241, 612613, 680681,
700129, 816817, 4084081, 8168161]

167: [19, 23, 29, 31, 37, 41, 43, 53, 61, 71, 73, 79, 89, 97, 103, 113, 127,
131, 137, 157, 181, 211, 239, 241, 281, 307, 313, 331, 337, 353, 397,
409, 421, 443, 463, 521, 547, 613, 617, 631, 661, 673, 859, 881, 911,
937, 953, 991, 1009, 1021, 1093, 1123, 1171, 1249, 1321, 1327, 1361,
1429, 1531, 1871, 1873, 2003, 2017, 2081, 2143, 2311, 2341, 2381, 2521,
2731, 2857, 2861, 3061, 3121, 3169, 3361, 3433, 3571, 3697, 4421, 4621,
5237, 5281, 6007, 6121, 6553, 6733, 7393, 7481, 8009, 8161, 8191, 8581,
8737, 9241, 9283, 9521, 10711, 12241, 12377, 13729, 14281, 14561, 15913,
16381, 16831, 17137, 17681, 18481, 19891, 20021, 20593, 21841, 22441,
23563, 24481, 25741, 26209, 27847, 29173, 29921, 30941, 34273, 36037,
42841, 46411, 48049, 51481, 52361, 53857, 55441, 63649, 72073, 72931,
74257, 78541, 79561, 87517, 92821, 96097, 97241, 102103, 110881, 116689,
117811, 120121, 131041, 145861, 148513, 157081, 180181, 185641, 209441,
235621, 269281, 291721, 314161, 371281, 388961, 445537, 471241, 612613,
680681, 700129, 816817, 4084081, 8168161]

177: [23, 29, 31, 41, 43, 53, 61, 67, 71, 79, 89, 97, 103, 113, 131, 137,
157, 191, 229, 239, 241, 281, 313, 337, 353, 409, 419, 421, 443, 457,
463, 521, 547, 571, 617, 647, 661, 673, 761, 859, 911, 953, 1021, 1093,
1123, 1249, 1321, 1327, 1361, 1429, 1483, 1597, 1871, 2003, 2081, 2129,
2281, 2311, 2381, 2731, 2857, 2861, 2927, 3041, 3121, 3361, 3433, 3571,
3697, 4421, 4523, 4561, 4621, 5237, 5281, 6007, 6271, 6689, 6917, 7393,
7411, 7481, 7753, 8009, 8161, 8581, 8737, 8779, 9241, 9283, 9521, 10337,
12377, 12541, 13567, 13729, 14281, 14561, 14821, 17291, 17681, 18089,
18481, 19381, 20021, 20749, 21319, 21737, 21841, 22441, 29173, 29641,
29921, 30941, 35531, 38039, 39521, 43891, 46411, 46817, 51871, 52361,
58787, 63841, 72353, 72931, 74257, 77521, 78541, 92821, 96097, 97241,
102103, 106591, 108529, 116689, 117041, 134369, 135661, 140449, 145861,
148513, 157081, 163021, 185641, 207481, 209441, 213181, 217057, 217361,
251941, 291721, 314161, 351121, 371281, 388961, 456457, 461891, 554269,
568481, 608609, 652081, 680681, 816817, 1108537, 1492261, 1633633,
1939939, 2217073, 2282281, 2351441, 2771341, 2984521, 3233231, 3979361,
4084081, 8168161]

178: [23, 29, 31, 41, 43, 53, 61, 67, 71, 79, 89, 97, 103, 137, 157, 191,
211, 229, 239, 241, 281, 313, 331, 337, 353, 409, 419, 421, 443, 457,
463, 521, 547, 571, 617, 647, 661, 673, 761, 859, 881, 953, 1021, 1093,
1123, 1249, 1321, 1327, 1361, 1429, 1483, 1597, 1871, 2003, 2081, 2129,
2281, 2311, 2381, 2731, 2857, 2861, 2927, 3041, 3121, 3361, 3433, 3571,
3697, 3877, 4421, 4523, 4561, 4621, 5237, 5281, 6007, 6271, 6689, 6917,
7393, 7481, 7753, 8009, 8161, 8581, 8737, 8779, 9241, 9283, 9521, 10337,
12377, 12541, 13567, 13729, 14281, 14561, 14821, 17291, 17681, 18089,
18481, 19381, 20021, 20749, 21319, 21737, 21841, 22441, 25841, 29173,
29641, 29921, 30941, 35531, 38039, 39521, 43891, 46817, 48049, 51871,
52361, 58787, 59281, 63841, 72353, 72931, 74257, 78541, 92821, 96097,
97241, 102103, 106591, 108529, 116689, 117041, 120121, 134369, 135661,
140449, 145861, 148513, 157081, 163021, 185641, 207481, 209441, 213181,
217057, 217361, 251941, 291721, 314161, 351121, 371281, 388961, 456457,
461891, 554269, 568481, 608609, 652081, 680681, 816817, 1108537,
1492261, 1633633, 1939939, 2217073, 2282281, 2771341, 2984521, 3233231,
3979361, 4084081, 8168161]

179: [23, 29, 31, 41, 43, 53, 61, 67, 79, 89, 97, 103, 113, 131, 137, 157,
191, 229, 239, 241, 281, 313, 331, 337, 353, 409, 419, 421, 443, 457,
463, 521, 547, 571, 617, 647, 661, 673, 761, 859, 881, 911, 1021, 1093,
1123, 1249, 1321, 1327, 1361, 1429, 1483, 1597, 1871, 2003, 2081, 2281,
2311, 2381, 2731, 2857, 2861, 2927, 3041, 3121, 3361, 3433, 3571, 3697,
3877, 4421, 4523, 4561, 4621, 5237, 5281, 6007, 6271, 6689, 6917, 7393,
7411, 7481, 7753, 8009, 8161, 8581, 8737, 8779, 9241, 9283, 9521, 10337,
12377, 12541, 13567, 14281, 14561, 14821, 17291, 17681, 18089, 18481,
19381, 20021, 20749, 21319, 21737, 21841, 22441, 25841, 29173, 29641,
29921, 30941, 35531, 38039, 43891, 46411, 46817, 48049, 51871, 52361,
58787, 59281, 63841, 72353, 72931, 74257, 77521, 78541, 92821, 96097,
97241, 102103, 106591, 108529, 116689, 117041, 120121, 134369, 135661,
140449, 145861, 148513, 157081, 163021, 185641, 207481, 209441, 213181,
217057, 217361, 251941, 291721, 314161, 351121, 371281, 388961, 456457,
461891, 554269, 568481, 608609, 652081, 680681, 816817, 1108537,
1492261, 1633633, 1939939, 2217073, 2282281, 2351441, 2771341, 2984521,
3233231, 3979361, 4084081, 8168161]

187: [19, 23, 29, 31, 37, 41, 43, 53, 67, 71, 73, 79, 89, 97, 103, 113, 127,
131, 137, 157, 181, 193, 199, 211, 239, 241, 281, 307, 313, 331, 337,
353, 397, 409, 421, 443, 449, 463, 521, 547, 577, 613, 617, 631, 661,
673, 859, 881, 911, 937, 953, 991, 1009, 1021, 1093, 1123, 1171, 1249,
1321, 1361, 1429, 1871, 1873, 2003, 2017, 2081, 2113, 2143, 2311, 2341,
2381, 2521, 2731, 2861, 3061, 3121, 3169, 3361, 3433, 3571, 3697, 4421,
4621, 5237, 5281, 5441, 6007, 6121, 6337, 6553, 6733, 7393, 7481, 7489,
8161, 8191, 8581, 8737, 9283, 9521, 10711, 11969, 12241, 12377, 13729,
14281, 14561, 15913, 16381, 16831, 17137, 17681, 18481, 19891, 20021,
20161, 20593, 21841, 22441, 24481, 25741, 26209, 27457, 27847, 29173,
29921, 30941, 34273, 36037, 37441, 42841, 43759, 46411, 48049, 52361,
53857, 55441, 63649, 65521, 72073, 72931, 74257, 78541, 79561, 83777,
87517, 92821, 96097, 97241, 102103, 107713, 110881, 116689, 117811,
120121, 127297, 131041, 145861, 148513, 157081, 180181, 185641, 192193,
209441, 212161, 235621, 269281, 291721, 314161, 371281, 388961, 411841,
445537, 471241, 495041, 538561, 576577, 612613, 680681, 700129, 816817,
960961, 1633633, 4084081, 4455361, 8168161, 9801793]

188: [19, 23, 29, 31, 37, 41, 43, 53, 61, 67, 71, 73, 79, 89, 97, 103, 113,
127, 131, 137, 157, 181, 193, 199, 211, 239, 241, 281, 307, 313, 331,
337, 353, 397, 409, 421, 443, 449, 463, 521, 547, 577, 613, 617, 631,
661, 673, 859, 881, 911, 937, 953, 991, 1009, 1021, 1093, 1123, 1171,
1249, 1321, 1327, 1361, 1429, 1531, 1873, 2003, 2017, 2081, 2113, 2311,
2341, 2381, 2521, 2857, 2861, 3061, 3121, 3169, 3361, 3433, 3571, 3697,
4421, 4621, 5237, 5281, 5441, 6007, 6121, 6337, 6733, 7393, 7481, 7489,
8009, 8161, 8191, 8581, 8737, 9241, 9283, 9521, 10711, 11969, 12241,
12377, 13729, 14281, 14561, 15913, 16381, 16831, 17137, 17681, 18481,
19891, 20021, 20593, 21841, 22441, 23563, 24481, 25741, 26209, 27457,
27847, 29173, 29921, 30941, 34273, 36037, 37441, 42433, 42841, 43759,
46411, 48049, 51481, 52361, 53857, 55441, 63649, 65521, 72073, 72931,
74257, 78541, 83777, 87517, 92821, 96097, 97241, 102103, 107713, 110881,
116689, 117811, 120121, 127297, 131041, 145861, 148513, 157081, 180181,
185641, 192193, 209441, 212161, 235621, 269281, 314161, 371281, 388961,
411841, 445537, 495041, 538561, 576577, 612613, 680681, 700129, 816817,
960961, 1633633, 4084081, 4455361, 8168161, 9801793]

189: [23, 29, 31, 37, 41, 43, 53, 61, 71, 73, 79, 89, 103, 127, 131, 137,
157, 181, 191, 199, 211, 229, 239, 281, 307, 313, 331, 397, 409, 419,
421, 443, 457, 463, 521, 547, 571, 613, 617, 631, 647, 661, 761, 859,
911, 937, 953, 991, 1021, 1093, 1123, 1171, 1327, 1429, 1483, 1531,
1597, 1871, 2003, 2143, 2281, 2311, 2341, 2381, 2521, 2731, 2857, 2861,
2927, 3061, 3433, 3571, 3877, 4421, 4447, 4523, 4621, 4789, 5237, 6007,
6121, 6271, 6553, 6733, 6841, 6917, 7411, 7481, 7753, 8009, 8191, 8581,
8779, 8893, 9241, 9283, 10711, 11971, 12377, 12541, 13567, 14281, 14821,
15913, 16381, 16831, 17291, 18089, 19381, 19891, 20021, 20749, 21319,
21737, 22441, 23563, 25741, 27847, 29173, 29641, 30941, 31123, 35531,
36037, 38039, 42841, 43759, 43891, 46411, 47881, 48907, 51481, 51871,
52361, 58787, 72073, 72931, 75583, 78541, 79561, 87517, 92821, 97241,
102103, 105337, 106591, 117811, 120121, 124489, 131671, 135661, 145861,
157081, 163021, 180181, 185641, 207481, 213181, 235621, 251941, 291721,
302329, 342343, 377911, 406981, 456457, 461891, 489061, 526681, 554269,
612613, 680681, 813961, 895357, 1058149, 1108537, 1279081, 1369369,
1492261, 1790713, 1939939, 2238391, 2282281, 2645371, 2771341, 3233231,
4157011, 4476781, 6846841]

190: [19, 23, 29, 31, 37, 41, 43, 53, 61, 67, 71, 73, 79, 89, 97, 103, 113,
127, 131, 137, 157, 181, 193, 199, 211, 239, 241, 281, 307, 313, 331,
337, 353, 397, 409, 421, 443, 449, 463, 521, 547, 577, 617, 631, 661,
673, 859, 881, 911, 937, 953, 991, 1009, 1021, 1093, 1123, 1171, 1249,
1321, 1327, 1361, 1429, 1531, 1871, 1873, 2017, 2081, 2113, 2143, 2311,
2341, 2381, 2521, 2731, 2857, 2861, 3061, 3121, 3169, 3361, 3433, 3571,
3697, 4421, 4621, 5237, 5281, 5441, 6007, 6121, 6337, 6553, 6733, 7393,
7481, 7489, 8009, 8161, 8191, 8581, 8737, 9241, 9283, 9521, 10711,
11969, 12241, 12377, 13729, 14281, 14561, 15913, 16381, 16831, 17137,
17681, 18481, 19891, 20021, 20161, 20593, 21841, 22441, 23563, 24481,
25741, 26209, 27457, 27847, 29173, 29921, 30941, 34273, 36037, 37441,
42433, 42841, 46411, 48049, 51481, 52361, 53857, 55441, 63649, 65521,
72073, 72931, 74257, 78541, 83777, 87517, 92821, 96097, 97241, 102103,
107713, 110881, 120121, 127297, 131041, 145861, 148513, 157081, 180181,
185641, 192193, 209441, 212161, 235621, 269281, 291721, 314161, 371281,
388961, 411841, 445537, 471241, 495041, 538561, 576577, 612613, 680681,
700129, 816817, 960961, 1633633, 4084081, 4455361, 8168161, 9801793]

191: [19, 23, 29, 31, 37, 41, 43, 53, 61, 67, 71, 73, 79, 89, 97, 103, 113,
127, 131, 137, 157, 181, 193, 199, 211, 239, 241, 281, 307, 313, 331,
337, 353, 397, 409, 421, 443, 449, 463, 521, 547, 577, 613, 617, 631,
661, 673, 881, 911, 937, 953, 991, 1009, 1021, 1093, 1123, 1171, 1249,
1321, 1327, 1361, 1429, 1531, 1871, 1873, 2003, 2081, 2113, 2143, 2311,
2341, 2381, 2521, 2731, 2857, 2861, 3061, 3121, 3169, 3361, 3433, 3571,
3697, 4421, 4621, 5237, 5281, 5441, 6007, 6121, 6337, 6553, 6733, 7393,
7489, 8009, 8161, 8191, 8581, 8737, 9241, 9283, 9521, 10711, 11969,
12241, 12377, 13729, 14281, 14561, 16381, 16831, 17137, 17681, 18481,
19891, 20021, 20161, 20593, 21841, 22441, 23563, 24481, 25741, 26209,
27457, 27847, 29173, 29921, 30941, 34273, 36037, 37441, 42433, 42841,
43759, 46411, 48049, 51481, 52361, 53857, 55441, 63649, 65521, 72073,
72931, 74257, 78541, 79561, 83777, 87517, 92821, 96097, 97241, 102103,
107713, 110881, 116689, 117811, 120121, 127297, 131041, 145861, 148513,
157081, 180181, 185641, 192193, 209441, 212161, 235621, 269281, 291721,
371281, 388961, 411841, 445537, 471241, 495041, 538561, 576577, 612613,
680681, 700129, 816817, 960961, 1633633, 4084081, 4455361, 8168161,
9801793]
